"Date","Price","Open","High","Low","Vol.","Change %"
"30/09/2025","29.400","29.660","29.700","29.020","236.88M","0.14%"
"29/09/2025","29.360","30.040","30.300","29.280","313.05M","-3.17%"
"26/09/2025","30.320","32.280","32.280","30.320","330.62M","-6.54%"
"25/09/2025","32.440","31.720","32.700","31.140","248.17M","3.18%"
"24/09/2025","31.440","31.600","31.740","30.840","352.10M","-0.69%"
"23/09/2025","31.660","29.120","32.300","29.100","516.90M","6.89%"
"22/09/2025","29.620","29.500","29.880","29.020","201.17M","2.35%"
"19/09/2025","28.940","27.300","28.940","27.280","261.48M","6.24%"
"18/09/2025","27.240","27.600","28.120","27.140","172.33M","-1.02%"
"17/09/2025","27.520","27.680","27.840","27.440","173.73M","-0.36%"
"16/09/2025","27.620","27.500","27.820","27.380","137.88M","0.44%"
"15/09/2025","27.500","25.680","27.500","25.440","199.74M","7.00%"
"12/09/2025","25.700","25.760","25.880","25.420","104.85M","0.00%"
"11/09/2025","25.700","26.060","26.600","25.480","220.35M","-1.23%"
"10/09/2025","26.020","26.460","26.480","25.960","198.04M","-0.91%"
"09/09/2025","26.260","26.640","26.860","26.100","149.78M","-0.91%"
"08/09/2025","26.500","26.740","27.000","26.260","141.52M","-3.07%"
"05/09/2025","27.340","28.340","28.360","27.340","147.73M","-2.98%"
"04/09/2025","28.180","28.540","28.960","28.100","132.68M","-1.12%"
"03/09/2025","28.500","28.540","28.900","28.160","253.70M","-0.07%"
"02/09/2025","28.520","29.900","30.020","28.220","287.68M","-4.42%"
"01/09/2025","29.840","29.960","30.040","29.360","184.93M","-0.07%"
"29/08/2025","29.860","29.840","30.140","29.620","182.50M","0.20%"
"28/08/2025","29.800","29.700","30.060","29.660","174.07M","0.74%"
"27/08/2025","29.580","29.760","30.100","29.580","169.07M","-0.34%"
"26/08/2025","29.680","29.640","30.380","29.420","326.76M","0.07%"
"25/08/2025","29.660","29.600","29.920","29.400","187.42M","0.88%"
"22/08/2025","29.400","29.620","30.140","29.140","282.62M","-0.54%"
"21/08/2025","29.560","29.380","29.860","29.380","160.97M","0.89%"
"20/08/2025","29.300","29.200","29.660","29.200","210.97M","-0.20%"
"19/08/2025","29.360","28.900","29.560","28.400","302.85M","2.02%"
"18/08/2025","28.780","27.800","28.820","27.680","274.67M","4.05%"
"15/08/2025","27.660","27.620","27.840","27.540","76.06M","0.14%"
"14/08/2025","27.620","27.720","27.920","27.420","117.41M","-0.86%"
"13/08/2025","27.860","27.580","27.960","27.360","185.74M","1.24%"
"12/08/2025","27.520","27.580","27.680","27.400","152.66M","0.15%"
"11/08/2025","27.480","27.260","27.820","27.260","244.49M","1.18%"
"08/08/2025","27.160","27.300","27.440","27.160","117.53M","-0.37%"
"07/08/2025","27.260","27.340","27.420","27.000","182.65M","-0.80%"
"06/08/2025","27.480","27.240","27.480","27.120","126.23M","1.33%"
"05/08/2025","27.120","27.320","27.480","27.100","95.98M","-0.44%"
"04/08/2025","27.240","27.040","27.460","26.960","150.25M","1.11%"
"01/08/2025","26.940","26.800","27.140","26.720","154.60M","0.82%"
"31/07/2025","26.720","26.700","26.840","26.420","120.68M","0.38%"
"30/07/2025","26.620","26.500","26.800","26.440","111.33M","0.76%"
"29/07/2025","26.420","26.720","26.800","26.380","63.83M","-1.12%"
"28/07/2025","26.720","26.980","27.020","26.720","47.98M","-0.82%"
"25/07/2025","26.940","27.140","27.220","26.880","63.86M","-0.59%"
"24/07/2025","27.100","27.180","27.400","27.060","116.39M","0.22%"
"23/07/2025","27.040","27.080","27.420","27.020","134.16M","0.00%"
"22/07/2025","27.040","27.420","27.460","26.960","132.52M","-0.81%"
"21/07/2025","27.260","27.080","27.360","27.060","121.15M","1.41%"
"18/07/2025","26.880","27.200","27.240","26.860","118.88M","-0.74%"
"17/07/2025","27.080","27.060","27.160","26.920","118.92M","1.12%"
"16/07/2025","26.780","26.900","27.280","26.220","149.18M","-0.45%"
"14/07/2025","26.900","27.160","27.240","26.740","73.94M","-0.96%"
"11/07/2025","27.160","27.520","27.640","27.120","160.59M","-0.37%"
"10/07/2025","27.260","27.200","27.600","27.200","221.30M","1.34%"
"09/07/2025","26.900","26.800","27.220","26.780","153.15M","0.30%"
"08/07/2025","26.820","27.260","27.260","26.760","156.28M","-0.74%"
"07/07/2025","27.020","27.040","27.280","26.760","130.32M","-1.67%"
"04/07/2025","27.480","27.340","27.720","27.200","162.13M","0.66%"
"03/07/2025","27.300","27.900","27.960","27.240","170.29M","-0.44%"
"02/07/2025","27.420","26.580","28.100","26.520","408.76M","3.67%"
"01/07/2025","26.450","26.529","26.926","26.410","260.45M","0.15%"
"30/06/2025","26.410","25.618","26.549","25.598","230.96M","3.25%"
"27/06/2025","25.578","25.281","25.737","25.083","146.87M","1.18%"
"26/06/2025","25.281","25.657","25.875","25.182","116.48M","-1.09%"
"25/06/2025","25.558","25.757","26.074","25.558","127.89M","-1.70%"
"24/06/2025","26.000","26.660","26.660","26.000","206.80M","0.31%"
"23/06/2025","25.920","26.040","26.500","25.920","122.65M","-1.67%"
"20/06/2025","26.360","25.660","26.360","25.180","310.13M","3.78%"
"19/06/2025","25.400","26.580","26.700","25.300","197.39M","-4.08%"
"18/06/2025","26.480","26.620","27.000","26.360","327.68M","-0.45%"
"17/06/2025","26.600","25.800","26.700","25.800","314.99M","2.70%"
"16/06/2025","25.900","24.960","26.120","24.720","340.11M","4.44%"
"13/06/2025","24.800","24.000","24.880","23.880","251.92M","-0.40%"
"12/06/2025","24.900","24.420","25.060","24.180","384.16M","3.06%"
"11/06/2025","24.160","24.300","24.360","24.080","132.01M","-0.17%"
"10/06/2025","24.200","23.700","24.260","23.640","156.13M","2.80%"
"05/06/2025","23.540","23.660","23.680","23.440","39.61M","-0.84%"
"04/06/2025","23.740","23.460","23.820","23.420","145.59M","1.37%"
"03/06/2025","23.420","23.120","23.520","23.120","133.31M","1.74%"
"02/06/2025","23.020","23.280","23.580","22.920","135.68M","-1.79%"
"30/05/2025","23.440","23.800","23.880","23.280","123.41M","-1.60%"
"29/05/2025","23.820","24.020","24.120","23.780","188.77M","-0.17%"
"28/05/2025","23.860","23.820","24.000","23.660","128.17M","0.25%"
"27/05/2025","23.800","23.540","23.900","23.480","167.53M","1.19%"
"26/05/2025","23.520","23.700","24.000","23.380","106.43M","-0.08%"
"23/05/2025","23.540","23.900","24.040","23.480","123.16M","-1.42%"
"22/05/2025","23.880","24.400","24.440","23.600","160.29M","-1.49%"
"21/05/2025","24.240","24.900","24.900","24.240","114.56M","-2.49%"
"20/05/2025","24.860","24.840","25.080","24.700","151.02M","0.24%"
"16/05/2025","24.800","24.800","25.100","24.620","151.22M","0.49%"
"15/05/2025","24.680","24.740","24.840","24.220","133.52M","0.08%"
"14/05/2025","24.660","25.000","25.180","24.660","218.50M","-1.36%"
"13/05/2025","25.000","24.440","25.040","24.400","193.27M","1.96%"
"12/05/2025","24.520","24.860","24.860","24.200","176.42M","2.25%"
"09/05/2025","23.980","23.260","24.140","23.180","166.79M","3.01%"
"08/05/2025","23.280","22.760","23.380","21.980","157.66M","2.83%"
"07/05/2025","22.640","23.840","23.940","22.640","169.85M","-4.87%"
"06/05/2025","23.800","23.900","24.040","23.640","123.42M","-1.00%"
"05/05/2025","24.040","23.600","25.000","23.180","266.00M","2.56%"
"02/05/2025","23.440","22.700","23.440","22.640","149.92M","4.18%"
"30/04/2025","22.500","22.700","23.140","22.460","186.17M","-1.14%"
"29/04/2025","22.760","22.780","23.320","22.640","159.59M","-0.70%"
"28/04/2025","22.920","22.660","23.260","22.540","205.93M","1.33%"
"25/04/2025","22.620","21.960","22.720","21.860","221.88M","3.01%"
"24/04/2025","21.960","21.560","22.000","21.380","160.25M","3.29%"
"22/04/2025","21.260","21.040","21.320","20.820","129.04M","1.43%"
"21/04/2025","20.960","21.120","21.260","20.840","116.12M","-0.66%"
"18/04/2025","21.100","21.440","21.460","21.060","71.41M","-1.40%"
"17/04/2025","21.400","21.440","21.700","21.080","134.33M","-0.65%"
"16/04/2025","21.540","21.620","21.720","21.380","94.26M","-1.19%"
"15/04/2025","21.800","21.820","21.880","21.580","74.56M","0.00%"
"14/04/2025","21.800","21.500","22.040","21.480","107.80M","2.16%"
"11/04/2025","21.340","21.220","21.440","21.120","127.46M","0.19%"
"10/04/2025","21.300","21.780","21.840","21.300","128.72M","1.62%"
"09/04/2025","20.960","21.180","21.560","20.880","131.82M","-2.96%"
"08/04/2025","21.600","21.700","21.860","21.460","121.71M","1.41%"
"07/04/2025","21.300","20.540","21.740","20.100","203.04M","-1.39%"
"04/04/2025","21.600","22.400","22.440","21.600","153.29M","-3.91%"
"03/04/2025","22.480","22.900","23.100","22.440","142.84M","-0.79%"
"02/04/2025","22.660","22.500","22.840","22.420","138.02M","0.62%"
"28/03/2025","22.520","22.260","22.580","21.980","125.17M","0.72%"
"27/03/2025","22.360","22.680","23.040","22.260","152.56M","-0.71%"
"26/03/2025","22.520","22.300","22.680","22.100","160.00M","-0.79%"
"25/03/2025","22.700","22.100","22.980","21.940","198.99M","4.61%"
"24/03/2025","21.700","21.560","21.900","20.320","247.45M","2.84%"
"21/03/2025","21.100","23.000","23.160","21.040","261.01M","-9.67%"
"20/03/2025","23.360","23.120","24.220","23.020","232.01M","1.13%"
"19/03/2025","23.100","23.800","24.800","23.100","273.88M","-9.98%"
"18/03/2025","25.660","25.320","25.780","25.280","223.50M","0.31%"
"17/03/2025","25.580","25.700","25.740","25.380","150.17M","0.00%"
"14/03/2025","25.580","25.500","25.860","25.340","226.68M","0.63%"
"13/03/2025","25.420","25.400","25.700","25.160","235.97M","0.55%"
"12/03/2025","25.280","25.020","25.460","24.860","213.76M","1.85%"
"11/03/2025","24.820","24.500","25.320","24.400","275.98M","1.55%"
"10/03/2025","24.440","24.800","25.020","24.280","155.26M","-1.45%"
"07/03/2025","24.800","24.600","24.900","24.340","182.98M","0.49%"
"06/03/2025","24.680","23.960","24.680","23.700","343.13M","3.96%"
"05/03/2025","23.740","22.260","23.780","22.260","407.35M","7.71%"
"04/03/2025","22.040","22.500","22.660","21.920","152.74M","-2.04%"
"03/03/2025","22.500","22.460","22.880","22.380","214.05M","0.81%"
"28/02/2025","22.320","22.240","22.760","22.060","310.00M","-0.18%"
"27/02/2025","22.360","21.900","22.620","21.900","224.93M","2.19%"
"26/02/2025","21.880","21.880","22.080","21.720","127.87M","0.09%"
"25/02/2025","21.860","22.080","22.180","21.860","118.32M","-1.18%"
"24/02/2025","22.120","22.620","22.640","21.980","111.92M","-1.16%"
"21/02/2025","22.380","23.000","23.280","22.000","212.58M","-2.61%"
"20/02/2025","22.980","22.800","23.340","22.800","131.09M","0.79%"
"19/02/2025","22.800","23.720","23.800","22.760","230.30M","-3.63%"
"18/02/2025","23.660","23.480","23.760","23.200","200.11M","0.60%"
"17/02/2025","23.520","23.340","23.840","23.320","162.20M","0.77%"
"14/02/2025","23.340","23.340","23.720","23.200","224.38M","0.09%"
"13/02/2025","23.320","23.380","23.640","23.180","184.32M","-0.34%"
"12/02/2025","23.400","23.400","23.780","23.200","276.50M","0.00%"
"11/02/2025","23.400","22.860","23.400","22.580","222.18M","2.36%"
"10/02/2025","22.860","23.200","23.440","22.700","227.22M","-2.39%"
"07/02/2025","23.420","22.540","23.460","22.460","286.92M","4.09%"
"06/02/2025","22.500","21.800","22.600","21.780","189.51M","3.69%"
"05/02/2025","21.700","21.980","22.080","21.600","174.11M","-1.45%"
"04/02/2025","22.020","21.800","22.260","21.720","221.16M","1.57%"
"03/02/2025","21.680","22.120","22.160","21.480","207.92M","-3.39%"
"31/01/2025","22.440","22.960","23.040","22.380","144.80M","-2.09%"
"30/01/2025","22.920","23.000","23.180","22.900","196.80M","0.00%"
"29/01/2025","22.920","23.300","23.340","22.920","147.66M","-1.21%"
"28/01/2025","23.200","23.220","23.360","23.040","159.96M","0.35%"
"27/01/2025","23.120","23.120","23.320","22.920","203.83M","-0.77%"
"24/01/2025","23.300","22.720","23.300","22.640","223.51M","2.73%"
"23/01/2025","22.680","22.720","22.900","22.640","209.53M","0.27%"
"22/01/2025","22.620","22.680","22.820","22.560","153.56M","-0.09%"
"21/01/2025","22.640","22.780","23.020","22.640","156.25M","-0.88%"
"20/01/2025","22.840","23.140","23.240","22.780","174.81M","-0.95%"
"17/01/2025","23.060","23.020","23.180","22.980","171.25M","0.26%"
"16/01/2025","23.000","23.100","23.160","22.760","140.91M","0.70%"
"15/01/2025","22.840","22.880","22.980","22.600","131.91M","0.09%"
"14/01/2025","22.820","23.220","23.380","22.740","138.03M","-1.21%"
"13/01/2025","23.100","23.740","23.760","23.040","155.86M","-2.86%"
"10/01/2025","23.780","23.900","24.140","23.700","168.12M","-0.34%"
"09/01/2025","23.860","23.740","23.920","23.620","143.88M","0.93%"
"08/01/2025","23.640","24.140","24.220","23.640","179.95M","-1.83%"
"07/01/2025","24.080","24.640","24.680","24.080","194.58M","-2.35%"
"06/01/2025","24.660","24.860","24.900","24.640","157.06M","-0.24%"
"03/01/2025","24.720","24.620","24.940","24.580","192.52M","0.90%"
"02/01/2025","24.500","24.500","24.600","24.300","120.04M","0.41%"
"31/12/2024","24.400","24.580","24.920","24.400","129.52M","-0.81%"
"30/12/2024","24.600","24.980","25.040","24.600","93.90M","-1.36%"
"27/12/2024","24.940","24.820","25.120","24.780","129.32M","0.65%"
"26/12/2024","24.780","25.180","25.380","24.580","170.87M","-1.12%"
"25/12/2024","25.060","25.280","25.280","25.040","92.73M","0.80%"
"24/12/2024","24.860","24.960","25.100","24.560","115.61M","-0.40%"
"23/12/2024","24.960","25.200","25.400","24.840","100.43M","-0.56%"
"20/12/2024","25.100","25.340","25.440","25.040","135.02M","-0.79%"
"19/12/2024","25.300","25.560","25.700","25.240","126.60M","-1.86%"
"18/12/2024","25.780","26.200","26.200","25.560","112.70M","-1.45%"
"17/12/2024","26.160","26.080","26.400","25.860","138.11M","0.38%"
"16/12/2024","26.060","26.660","26.720","26.040","96.68M","-1.88%"
"13/12/2024","26.560","26.080","26.560","25.980","147.17M","0.91%"
"12/12/2024","26.320","26.200","26.640","26.200","167.70M","1.00%"
"11/12/2024","26.060","26.220","26.280","25.780","177.05M","-0.38%"
"10/12/2024","26.160","26.900","27.100","26.020","248.49M","-3.11%"
"09/12/2024","27.000","26.560","27.860","26.480","516.94M","4.17%"
"06/12/2024","25.920","26.100","26.200","25.920","131.24M","0.00%"
"05/12/2024","25.920","26.200","26.300","25.820","104.05M","-0.69%"
"04/12/2024","26.100","26.100","26.360","26.020","146.05M","0.38%"
"03/12/2024","26.000","26.060","26.360","25.840","141.49M","-0.15%"
"02/12/2024","26.040","25.680","26.280","25.600","156.16M","1.01%"
"29/11/2024","25.780","25.220","25.940","25.060","197.07M","2.22%"
"28/11/2024","25.220","24.680","25.300","24.620","136.40M","2.11%"
"27/11/2024","24.700","25.300","25.440","24.620","106.72M","-1.40%"
"26/11/2024","25.050","25.350","25.350","24.890","112.24M","-1.18%"
"25/11/2024","25.350","25.225","25.600","25.025","174.95M","1.20%"
"22/11/2024","25.050","24.890","25.175","24.760","216.33M","0.60%"
"21/11/2024","24.900","24.150","24.970","24.080","188.36M","3.79%"
"20/11/2024","23.990","24.840","24.950","23.920","138.63M","-3.15%"
"19/11/2024","24.770","25.500","25.575","24.700","161.73M","-1.90%"
"18/11/2024","25.250","25.225","25.525","24.970","169.58M","0.40%"
"15/11/2024","25.150","25.575","25.675","25.075","86.98M","-1.57%"
"14/11/2024","25.550","25.100","25.700","25.050","124.74M","2.10%"
"13/11/2024","25.025","25.025","25.400","24.750","184.38M","-0.50%"
"12/11/2024","25.150","25.500","25.575","25.125","120.64M","-1.28%"
"11/11/2024","25.475","25.550","25.925","25.350","127.49M","-0.29%"
"08/11/2024","25.550","24.700","25.650","24.650","155.70M","3.19%"
"07/11/2024","24.760","24.400","24.810","24.310","143.82M","1.56%"
"06/11/2024","24.380","23.750","24.510","23.440","247.30M","2.09%"
"05/11/2024","23.880","23.570","23.940","23.460","111.21M","1.75%"
"04/11/2024","23.470","23.860","23.930","23.360","97.75M","-2.09%"
"01/11/2024","23.970","23.850","24.190","23.850","160.00M","0.71%"
"31/10/2024","23.800","23.910","24.130","23.500","182.26M","-0.50%"
"30/10/2024","23.920","23.930","24.110","23.860","145.30M","-0.04%"
"28/10/2024","23.930","23.810","23.970","23.690","42.64M","0.97%"
"25/10/2024","23.700","23.320","23.730","23.170","93.37M","1.63%"
"24/10/2024","23.320","23.220","23.500","23.220","92.10M","0.95%"
"23/10/2024","23.100","23.930","24.100","22.750","220.04M","-2.78%"
"22/10/2024","23.760","23.810","24.060","23.310","193.60M","0.00%"
"21/10/2024","23.760","24.040","24.240","23.690","125.11M","-1.12%"
"18/10/2024","24.030","24.580","24.840","24.030","194.50M","-1.96%"
"17/10/2024","24.510","24.580","24.770","24.360","199.42M","-0.85%"
"16/10/2024","24.720","24.130","24.720","24.050","204.98M","2.06%"
"15/10/2024","24.220","24.060","24.320","23.790","218.79M","0.33%"
"14/10/2024","24.140","24.510","24.550","23.870","254.36M","-1.31%"
"11/10/2024","24.460","24.340","24.830","24.080","304.17M","2.99%"
"10/10/2024","23.750","23.870","24.150","23.660","208.53M","-0.13%"
"09/10/2024","23.780","23.830","23.890","23.580","147.75M","-0.17%"
"08/10/2024","23.820","24.650","24.680","23.770","232.66M","-4.07%"
"07/10/2024","24.830","25.300","25.450","24.780","146.43M","-0.98%"
"04/10/2024","25.075","25.150","25.150","24.640","197.00M","0.30%"
"03/10/2024","25.000","25.625","26.025","24.860","163.12M","-2.25%"
"02/10/2024","25.575","26.225","26.300","25.575","161.71M","-2.94%"
"01/10/2024","26.350","26.500","26.625","25.700","173.12M","-1.50%"
"30/09/2024","26.750","26.425","27.025","26.400","206.55M","1.71%"
"27/09/2024","26.300","25.700","26.300","25.625","223.99M","2.73%"
"26/09/2024","25.600","25.850","26.175","25.350","205.78M","-0.39%"
"25/09/2024","25.700","25.650","25.975","25.500","204.64M","0.49%"
"24/09/2024","25.575","25.125","25.650","25.000","213.35M","3.67%"
"23/09/2024","24.670","25.000","25.125","24.580","136.74M","-0.72%"
"20/09/2024","24.850","24.690","25.300","24.670","190.84M","0.57%"
"19/09/2024","24.710","24.400","24.720","24.300","159.77M","2.45%"
"18/09/2024","24.120","24.130","24.390","23.860","141.47M","-0.12%"
"17/09/2024","24.150","23.900","24.260","23.900","161.80M","1.43%"
"16/09/2024","23.810","23.730","24.070","23.700","212.79M","0.38%"
"13/09/2024","23.720","23.430","23.750","23.250","151.73M","1.37%"
"12/09/2024","23.400","23.740","23.800","22.850","175.72M","-1.27%"
"11/09/2024","23.700","23.240","24.080","22.500","190.50M","1.89%"
"10/09/2024","23.260","23.410","23.660","23.260","187.50M","-0.43%"
"09/09/2024","23.360","23.550","23.640","23.320","122.40M","-0.60%"
"06/09/2024","23.500","23.960","24.010","23.500","100.06M","-2.16%"
"05/09/2024","24.020","23.990","24.300","23.850","135.86M","0.80%"
"04/09/2024","23.830","23.980","24.130","23.630","125.01M","-1.65%"
"03/09/2024","24.230","24.700","24.770","24.180","124.21M","-1.70%"
"02/09/2024","24.650","24.290","24.700","24.270","155.64M","1.99%"
"29/08/2024","24.170","23.830","24.540","23.800","244.79M","1.64%"
"28/08/2024","23.780","23.700","24.000","23.650","109.73M","0.34%"
"27/08/2024","23.700","23.400","23.710","23.350","170.23M","1.28%"
"26/08/2024","23.400","24.250","24.280","23.350","168.93M","-2.99%"
"23/08/2024","24.120","24.760","24.830","24.090","171.56M","-2.35%"
"22/08/2024","24.700","24.650","24.970","24.560","186.19M","0.98%"
"21/08/2024","24.460","24.540","24.790","24.380","187.10M","-0.16%"
"20/08/2024","24.500","24.590","24.930","24.500","186.75M","-0.57%"
"19/08/2024","24.640","24.430","24.640","24.120","221.62M","1.36%"
"16/08/2024","24.310","25.225","25.325","24.310","270.93M","-2.49%"
"15/08/2024","24.930","24.690","25.050","24.550","225.26M","1.26%"
"14/08/2024","24.620","24.830","25.100","24.620","200.15M","-0.32%"
"13/08/2024","24.700","24.700","24.900","24.340","238.35M","0.16%"
"12/08/2024","24.660","25.500","25.725","24.600","202.17M","-2.53%"
"09/08/2024","25.300","26.250","26.425","25.250","156.74M","-3.07%"
"08/08/2024","26.100","25.125","26.125","25.100","192.32M","3.57%"
"07/08/2024","25.200","24.860","25.450","24.830","267.86M","2.02%"
"06/08/2024","24.700","25.550","25.700","24.700","207.84M","-1.40%"
"05/08/2024","25.050","25.750","26.375","24.950","314.08M","-8.99%"
"02/08/2024","27.525","28.200","28.375","27.425","217.09M","-3.84%"
"01/08/2024","28.625","28.275","28.925","28.200","234.77M","2.14%"
"31/07/2024","28.025","27.900","28.225","27.775","189.99M","0.27%"
"30/07/2024","27.950","27.875","28.175","27.700","202.26M","0.54%"
"29/07/2024","27.800","27.875","27.975","27.525","171.06M","-1.16%"
"26/07/2024","28.125","28.325","28.500","28.100","168.39M","-0.71%"
"25/07/2024","28.325","28.825","29.025","28.025","230.93M","-1.73%"
"24/07/2024","28.825","29.150","29.425","28.775","226.93M","-1.20%"
"23/07/2024","29.175","29.675","29.825","29.075","330.99M","-1.77%"
"22/07/2024","29.700","28.775","30.125","28.675","644.12M","3.21%"
"19/07/2024","28.775","28.750","29.100","27.425","752.95M","2.95%"
"18/07/2024","27.950","28.500","28.800","27.800","281.41M","-1.41%"
"17/07/2024","28.350","28.400","28.600","28.050","307.33M","-0.35%"
"16/07/2024","28.450","27.725","28.450","27.650","314.19M","2.99%"
"12/07/2024","27.625","27.625","27.850","27.525","221.26M","0.18%"
"11/07/2024","27.575","27.725","27.900","27.550","253.96M","0.27%"
"10/07/2024","27.500","27.350","27.900","27.175","291.70M","0.73%"
"09/07/2024","27.300","27.450","27.625","27.075","259.30M","-0.18%"
"08/07/2024","27.350","27.650","28.100","27.275","302.06M","-0.55%"
"05/07/2024","27.500","27.575","28.050","27.375","345.20M","0.09%"
"04/07/2024","27.475","27.450","27.800","27.225","429.74M","0.09%"
"03/07/2024","27.450","25.825","27.675","25.800","442.66M","7.02%"
"02/07/2024","25.650","25.875","26.225","25.400","246.14M","-0.87%"
"01/07/2024","25.875","26.825","27.175","25.625","330.73M","-2.82%"
"28/06/2024","26.625","26.675","27.225","26.450","339.72M","0.47%"
"27/06/2024","26.500","26.125","26.825","25.750","311.20M","1.83%"
"26/06/2024","26.025","26.325","26.550","25.625","233.24M","-0.86%"
"25/06/2024","26.250","26.625","26.750","26.025","170.81M","-1.50%"
"24/06/2024","26.650","26.200","26.750","26.000","250.17M","1.43%"
"21/06/2024","26.275","26.900","26.950","26.075","191.39M","-2.41%"
"20/06/2024","26.925","26.200","27.075","25.600","272.30M","4.36%"
"14/06/2024","25.800","24.810","26.025","24.790","370.22M","4.41%"
"13/06/2024","24.710","24.090","24.980","24.090","241.82M","3.39%"
"12/06/2024","23.900","23.120","24.000","23.050","199.17M","3.42%"
"11/06/2024","23.110","23.230","23.600","23.040","143.25M","-0.47%"
"10/06/2024","23.220","23.910","23.940","23.170","119.42M","-3.13%"
"07/06/2024","23.970","24.350","24.460","23.830","140.51M","-1.24%"
"06/06/2024","24.270","24.410","24.840","24.220","210.77M","-0.29%"
"05/06/2024","24.340","24.610","24.750","23.940","300.18M","-0.98%"
"04/06/2024","24.580","24.840","25.400","24.530","324.09M","-0.89%"
"03/06/2024","24.800","24.070","24.920","23.870","325.69M","3.46%"
"31/05/2024","23.970","24.540","24.830","23.800","276.18M","-2.04%"
"30/05/2024","24.470","24.290","24.610","24.150","214.94M","0.74%"
"29/05/2024","24.290","24.750","24.780","24.290","193.52M","-1.70%"
"28/05/2024","24.710","24.630","25.075","24.470","305.35M","0.49%"
"27/05/2024","24.590","24.800","24.910","24.550","290.81M","-0.49%"
"24/05/2024","24.710","24.240","24.750","24.150","284.19M","1.85%"
"23/05/2024","24.260","24.210","24.700","24.200","279.97M","0.41%"
"22/05/2024","24.160","24.080","24.560","23.910","320.17M","0.79%"
"21/05/2024","23.970","24.030","24.630","23.620","632.57M","-0.04%"
"20/05/2024","23.980","23.430","24.280","23.430","325.44M","2.35%"
"17/05/2024","23.430","22.840","23.440","22.820","293.33M","2.76%"
"16/05/2024","22.800","22.540","22.840","22.330","185.02M","1.51%"
"15/05/2024","22.460","23.310","23.310","22.390","237.68M","-3.44%"
"14/05/2024","23.260","23.170","23.660","22.950","233.55M","0.43%"
"13/05/2024","23.160","23.540","23.900","23.160","268.13M","-1.11%"
"10/05/2024","23.420","23.050","23.830","23.000","410.89M","2.95%"
"09/05/2024","22.750","22.850","23.060","22.370","233.05M","0.62%"
"08/05/2024","22.610","22.740","22.970","22.550","170.23M","-0.53%"
"07/05/2024","22.730","22.040","22.920","22.010","342.28M","3.41%"
"06/05/2024","21.980","22.180","22.190","21.840","145.05M","-0.50%"
"03/05/2024","22.090","22.220","22.390","21.850","190.22M","-0.99%"
"02/05/2024","22.310","21.660","22.450","21.640","264.26M","3.62%"
"30/04/2024","21.530","21.870","21.890","21.470","137.68M","-1.87%"
"29/04/2024","21.940","21.530","21.940","21.400","188.39M","2.52%"
"26/04/2024","21.400","20.870","21.500","20.860","262.32M","2.88%"
"25/04/2024","20.800","20.860","21.050","20.690","139.65M","-0.24%"
"24/04/2024","20.850","20.950","21.100","20.770","108.88M","0.29%"
"22/04/2024","20.790","20.740","21.060","20.740","150.51M","0.87%"
"19/04/2024","20.610","20.000","20.710","19.990","170.91M","1.93%"
"18/04/2024","20.220","20.180","20.390","20.000","124.76M","0.80%"
"17/04/2024","20.060","20.490","20.650","19.990","121.23M","-0.99%"
"16/04/2024","20.260","20.300","20.600","20.200","128.33M","-0.73%"
"15/04/2024","20.410","20.716","20.815","20.400","133.82M","-1.76%"
"09/04/2024","20.776","20.736","20.894","20.677","44.90M","0.29%"
"08/04/2024","20.716","20.548","20.795","20.351","164.65M","1.35%"
"05/04/2024","20.440","19.511","20.578","19.511","218.82M","4.98%"
"04/04/2024","19.471","18.938","19.768","18.928","184.10M","2.98%"
"03/04/2024","18.908","19.205","19.412","18.879","143.71M","-1.60%"
"02/04/2024","19.215","20.637","20.667","19.215","209.91M","-5.81%"
"01/04/2024","20.400","20.904","20.973","20.390","142.73M","-2.41%"
"29/03/2024","20.904","20.894","20.983","20.785","134.36M","0.48%"
"28/03/2024","20.805","20.746","21.003","20.736","126.43M","0.72%"
"27/03/2024","20.657","20.845","20.963","20.657","131.76M","-0.71%"
"26/03/2024","20.805","21.240","21.319","20.509","246.04M","-1.96%"
"25/03/2024","21.220","21.339","21.852","21.220","202.41M","-0.79%"
"22/03/2024","21.388","21.724","21.852","21.329","156.79M","-1.23%"
"21/03/2024","21.655","21.783","22.010","21.635","255.46M","0.14%"
"20/03/2024","21.625","21.872","22.070","21.625","163.96M","-1.08%"
"19/03/2024","21.862","21.773","21.981","21.734","149.80M","0.41%"
"18/03/2024","21.773","21.971","22.080","21.773","167.19M","-0.72%"
"15/03/2024","21.931","22.089","22.376","21.803","145.84M","0.13%"
"14/03/2024","21.902","22.020","22.247","21.823","177.43M","-0.27%"
"13/03/2024","21.961","22.356","22.406","21.961","240.47M","-1.81%"
"12/03/2024","22.366","22.801","22.820","22.277","295.77M","-1.09%"
"11/03/2024","22.613","22.988","23.097","22.544","251.91M","-0.26%"
"08/03/2024","22.672","22.554","22.781","22.376","258.66M","0.52%"
"07/03/2024","22.554","21.991","22.554","21.961","245.73M","3.12%"
"06/03/2024","21.872","22.406","22.623","21.754","265.44M","-2.47%"
"05/03/2024","22.425","22.820","22.959","22.425","242.06M","-1.35%"
"04/03/2024","22.732","22.771","23.186","22.494","438.86M","0.18%"
"01/03/2024","22.692","22.573","22.939","22.504","370.72M","0.92%"
"29/02/2024","22.485","23.245","23.472","22.465","509.33M","-2.94%"
"28/02/2024","23.166","23.255","24.124","22.771","972.83M","-0.13%"
"27/02/2024","23.196","22.514","23.305","22.465","537.59M","3.03%"
"26/02/2024","22.514","23.008","23.028","22.514","260.51M","-1.98%"
"23/02/2024","22.969","23.393","23.423","22.969","307.20M","-3.48%"
"22/02/2024","23.798","24.115","24.124","23.611","307.52M","-0.95%"
"21/02/2024","24.026","25.142","25.191","23.650","651.32M","-1.97%"
"20/02/2024","24.510","23.996","24.510","23.868","329.76M","2.69%"
"19/02/2024","23.868","24.539","24.638","23.611","345.80M","-1.63%"
"16/02/2024","24.263","23.374","24.920","23.285","670.13M","4.33%"
"15/02/2024","23.255","23.216","23.393","23.038","293.33M","1.03%"
"14/02/2024","23.018","22.811","23.038","22.356","272.18M","1.04%"
"13/02/2024","22.781","22.979","23.463","22.741","413.75M","-0.60%"
"12/02/2024","22.919","23.196","23.206","22.712","197.50M","0.09%"
"09/02/2024","22.899","22.702","23.067","22.702","242.38M","1.93%"
"08/02/2024","22.465","22.307","22.583","22.070","279.54M","1.02%"
"07/02/2024","22.238","21.981","22.485","21.981","321.79M","1.85%"
"06/02/2024","21.833","21.566","22.001","21.348","303.76M","1.56%"
"05/02/2024","21.497","21.526","21.754","21.447","176.13M","0.14%"
"02/02/2024","21.467","21.684","21.793","21.388","239.16M","-0.59%"
"01/02/2024","21.595","21.358","21.714","21.348","212.89M","1.34%"
"31/01/2024","21.309","21.418","21.645","21.279","166.31M","-0.46%"
"30/01/2024","21.408","21.773","21.852","21.398","155.39M","-0.87%"
"29/01/2024","21.595","21.516","21.783","21.507","177.05M","0.97%"
"26/01/2024","21.388","21.141","21.447","21.072","191.94M","1.12%"
"25/01/2024","21.151","21.092","21.329","20.953","171.06M","1.04%"
"24/01/2024","20.934","21.003","21.111","20.469","235.91M","0.10%"
"23/01/2024","20.914","20.993","21.181","20.785","153.50M","0.71%"
"22/01/2024","20.766","20.795","21.111","20.746","129.82M","-0.28%"
"19/01/2024","20.825","21.082","21.220","20.746","110.79M","-0.85%"
"18/01/2024","21.003","21.536","21.773","21.003","167.44M","-2.12%"
"17/01/2024","21.457","21.773","21.783","21.428","122.86M","-1.94%"
"16/01/2024","21.882","21.773","22.089","21.605","166.40M","0.55%"
"15/01/2024","21.763","21.734","22.129","21.724","146.33M","0.59%"
"12/01/2024","21.635","21.586","21.882","21.467","171.60M","-0.23%"
"11/01/2024","21.684","22.168","22.406","21.645","267.91M","-2.53%"
"10/01/2024","22.247","21.210","22.524","21.092","359.70M","4.99%"
"09/01/2024","21.190","21.477","21.645","21.111","136.93M","-1.02%"
"08/01/2024","21.408","21.151","21.467","21.151","136.15M","1.69%"
"05/01/2024","21.052","20.904","21.190","20.776","111.76M","0.71%"
"04/01/2024","20.904","20.410","20.904","20.212","135.48M","2.42%"
"03/01/2024","20.410","20.835","20.835","20.301","91.66M","-2.22%"
"02/01/2024","20.874","20.400","21.022","20.400","174.87M","3.07%"
"29/12/2023","20.252","20.479","20.696","20.222","85.03M","-1.16%"
"28/12/2023","20.489","20.370","20.756","20.311","102.53M","0.88%"
"27/12/2023","20.311","20.035","20.479","19.847","146.26M","1.38%"
"26/12/2023","20.035","20.173","20.390","19.748","103.43M","-0.14%"
"25/12/2023","20.064","20.598","20.627","19.857","70.27M","-3.29%"
"22/12/2023","20.746","21.339","21.516","20.687","132.86M","-2.60%"
"21/12/2023","21.299","20.805","21.299","20.805","150.28M","2.47%"
"20/12/2023","20.785","21.339","21.339","20.647","139.70M","-2.73%"
"19/12/2023","21.368","20.667","21.507","20.617","328.69M","3.49%"
"18/12/2023","20.647","20.696","21.181","20.558","208.29M","-0.24%"
"15/12/2023","20.696","19.363","20.696","19.284","253.94M","6.94%"
"14/12/2023","19.353","18.819","19.412","18.810","135.93M","3.76%"
"13/12/2023","18.652","18.889","18.968","18.652","102.80M","-1.67%"
"12/12/2023","18.968","19.017","19.136","18.918","114.45M","-0.26%"
"11/12/2023","19.017","19.442","19.471","19.017","106.21M","-2.14%"
"08/12/2023","19.432","19.709","19.768","19.383","86.05M","-1.41%"
"07/12/2023","19.709","19.225","19.709","19.086","100.90M","2.84%"
"06/12/2023","19.165","19.807","19.877","19.165","159.03M","-3.00%"
"05/12/2023","19.758","19.817","20.035","19.748","147.46M","-0.05%"
"04/12/2023","19.768","20.114","20.153","19.758","106.43M","-1.43%"
"01/12/2023","20.054","20.489","20.647","19.936","119.22M","-0.88%"
"30/11/2023","20.232","20.390","20.558","20.193","127.07M","-0.63%"
"29/11/2023","20.361","20.311","20.627","20.242","175.54M","0.39%"
"28/11/2023","20.282","20.361","20.726","20.114","142.42M","-0.53%"
"27/11/2023","20.390","20.054","20.519","20.054","125.44M","2.03%"
"24/11/2023","19.985","19.432","20.064","19.373","144.52M","2.85%"
"23/11/2023","19.432","20.124","20.153","19.432","112.43M","-3.44%"
"22/11/2023","20.124","20.282","20.331","19.975","84.62M","-0.87%"
"21/11/2023","20.301","19.689","20.370","19.639","217.07M","3.79%"
"20/11/2023","19.560","19.047","19.679","19.027","193.78M","3.45%"
"17/11/2023","18.908","18.928","19.106","18.859","130.26M","-0.05%"
"16/11/2023","18.918","18.908","19.057","18.849","90.36M","0.05%"
"15/11/2023","18.908","18.928","19.274","18.790","160.82M","0.31%"
"14/11/2023","18.849","18.454","18.849","18.256","127.15M","2.58%"
"13/11/2023","18.375","18.958","19.175","18.375","127.65M","-2.77%"
"10/11/2023","18.899","18.543","19.096","18.543","161.27M","1.97%"
"09/11/2023","18.533","18.405","18.652","18.335","114.76M","-0.11%"
"08/11/2023","18.553","18.819","18.978","18.484","111.39M","-0.84%"
"07/11/2023","18.711","18.711","18.869","18.612","109.57M","-0.11%"
"06/11/2023","18.731","18.612","18.918","18.612","115.62M","1.39%"
"03/11/2023","18.474","18.474","18.642","18.177","148.83M","0.05%"
"02/11/2023","18.464","18.474","18.691","18.335","142.29M","0.43%"
"01/11/2023","18.385","18.790","18.899","17.930","164.24M","-1.69%"
"31/10/2023","18.701","19.165","19.234","18.622","126.56M","-1.41%"
"30/10/2023","18.968","18.987","19.353","18.869","167.56M","-0.15%"
"27/10/2023","18.997","19.165","19.225","18.582","138.41M","-1.84%"
"26/10/2023","19.353","18.968","19.570","18.701","198.22M","2.84%"
"25/10/2023","18.819","20.558","20.835","18.819","241.08M","-8.85%"
"24/10/2023","20.647","19.195","20.677","19.145","283.06M","8.07%"
"23/10/2023","19.106","19.057","19.225","18.671","138.54M","1.68%"
"20/10/2023","18.790","19.402","19.422","18.671","127.02M","-3.65%"
"19/10/2023","19.501","20.094","20.331","19.481","160.06M","-2.76%"
"18/10/2023","20.054","20.479","20.647","19.975","128.87M","-3.56%"
"17/10/2023","20.795","20.282","20.825","20.074","170.69M","3.29%"
"16/10/2023","20.133","21.141","21.190","20.133","182.83M","-3.64%"
"13/10/2023","20.894","21.339","21.348","20.884","133.63M","-2.53%"
"12/10/2023","21.437","21.991","22.297","21.042","252.06M","-1.63%"
"11/10/2023","21.793","22.307","22.514","21.793","173.80M","-2.13%"
"10/10/2023","22.267","21.724","22.287","21.694","233.49M","4.16%"
"09/10/2023","21.378","21.882","22.080","21.358","189.34M","-3.69%"
"06/10/2023","22.198","21.684","22.346","21.665","262.78M","1.54%"
"05/10/2023","21.862","21.754","22.050","21.279","252.59M","1.47%"
"04/10/2023","21.546","22.099","22.238","21.536","240.68M","-2.46%"
"03/10/2023","22.089","22.188","22.475","22.050","294.42M","-0.14%"
"02/10/2023","22.119","22.001","22.327","22.001","216.46M","0.58%"
"29/09/2023","21.991","22.109","22.297","21.921","162.79M","-0.22%"
"28/09/2023","22.040","21.941","22.307","21.941","142.36M","0.50%"
"27/09/2023","21.931","22.129","22.317","21.645","177.82M","-0.63%"
"26/09/2023","22.070","22.919","22.959","22.070","230.74M","-3.54%"
"25/09/2023","22.880","21.457","23.255","21.358","448.71M","7.03%"
"22/09/2023","21.378","20.667","21.516","20.598","302.58M","3.69%"
"21/09/2023","20.617","20.143","20.657","19.896","262.62M","1.80%"
"20/09/2023","20.252","20.914","20.963","20.252","186.05M","-3.12%"
"19/09/2023","20.904","20.894","21.111","20.667","181.82M","0.19%"
"18/09/2023","20.864","21.635","21.684","20.864","156.19M","-4.00%"
"15/09/2023","21.734","21.882","22.327","21.734","249.39M","-0.05%"
"14/09/2023","21.744","21.803","21.833","21.062","188.16M","0.23%"
"13/09/2023","21.694","22.603","22.692","21.645","214.26M","-3.68%"
"12/09/2023","22.524","22.909","23.048","22.327","203.87M","-1.56%"
"11/09/2023","22.880","23.680","23.779","22.811","221.97M","-2.48%"
"08/09/2023","23.463","23.897","23.907","23.423","191.83M","-1.66%"
"07/09/2023","23.858","23.018","23.947","22.969","407.87M","3.96%"
"06/09/2023","22.949","23.038","23.413","22.653","377.46M","1.00%"
"05/09/2023","22.722","21.783","22.722","21.546","372.33M","4.31%"
"04/09/2023","21.783","21.981","22.188","21.724","251.71M","0.09%"
"01/09/2023","21.763","21.368","21.882","21.329","273.43M","2.41%"
"31/08/2023","21.250","21.467","21.773","21.250","208.44M","-0.32%"
"29/08/2023","21.319","21.684","21.892","21.220","191.28M","-1.46%"
"28/08/2023","21.635","21.793","22.040","21.625","290.04M","-0.05%"
"25/08/2023","21.645","21.151","21.803","20.894","323.82M","2.82%"
"24/08/2023","21.052","22.277","22.455","21.003","367.83M","-4.44%"
"23/08/2023","22.030","22.208","22.811","21.961","399.38M","0.05%"
"22/08/2023","22.020","22.218","22.445","21.694","356.27M","-0.94%"
"21/08/2023","22.228","20.687","22.356","20.578","575.47M","7.40%"
"18/08/2023","20.696","21.260","21.487","20.410","370.00M","-2.01%"
"17/08/2023","21.121","20.588","21.408","20.519","399.50M","2.64%"
"16/08/2023","20.578","20.568","20.953","20.489","229.14M","0.24%"
"15/08/2023","20.529","21.052","21.092","20.282","238.50M","-2.35%"
"14/08/2023","21.022","20.479","21.408","20.351","576.95M","3.70%"
"11/08/2023","20.272","19.728","20.341","19.412","312.03M","2.76%"
"10/08/2023","19.728","20.647","20.815","19.659","352.26M","-4.18%"
"09/08/2023","20.588","20.005","20.776","19.788","475.41M","1.71%"
"08/08/2023","20.242","20.262","20.529","20.104","229.92M","0.00%"
"07/08/2023","20.242","20.450","20.499","20.094","146.62M","-0.39%"
"04/08/2023","20.321","20.064","20.509","19.936","257.99M","1.83%"
"03/08/2023","19.956","20.272","20.598","19.877","231.57M","-1.32%"
"02/08/2023","20.222","20.133","20.904","20.044","332.75M","0.44%"
"01/08/2023","20.133","20.529","20.845","20.094","394.95M","-2.26%"
"31/07/2023","20.598","19.145","20.746","19.145","628.70M","8.43%"
"28/07/2023","18.997","18.869","19.126","18.859","266.39M","1.42%"
"27/07/2023","18.731","18.671","18.978","18.671","223.34M","0.59%"
"26/07/2023","18.622","18.306","18.691","18.256","232.55M","1.73%"
"25/07/2023","18.306","18.810","18.849","18.306","286.07M","-2.37%"
"24/07/2023","18.750","18.375","19.215","18.227","512.58M","2.04%"
"21/07/2023","18.375","18.612","18.652","18.266","128.62M","-1.27%"
"20/07/2023","18.612","18.701","18.810","18.375","178.84M","0.00%"
"19/07/2023","18.612","18.444","18.632","18.187","150.30M","0.80%"
"18/07/2023","18.464","19.264","19.284","18.464","195.99M","-3.66%"
"17/07/2023","19.165","19.116","19.363","19.076","217.93M","0.47%"
"14/07/2023","19.076","19.215","19.313","19.037","132.64M","-0.41%"
"13/07/2023","19.155","19.145","19.432","18.948","199.40M","0.05%"
"12/07/2023","19.145","19.442","19.442","19.106","145.48M","-1.53%"
"11/07/2023","19.442","19.689","19.718","19.274","178.10M","-0.10%"
"10/07/2023","19.462","19.560","19.728","19.402","183.11M","1.03%"
"07/07/2023","19.264","18.938","19.442","18.889","233.75M","1.56%"
"06/07/2023","18.968","19.165","19.402","18.948","183.04M","-0.77%"
"05/07/2023","19.116","18.918","19.145","18.563","177.67M","1.42%"
"04/07/2023","18.849","19.313","19.353","18.849","130.78M","-1.40%"
"03/07/2023","19.116","18.365","19.116","18.365","220.53M","5.39%"
"27/06/2023","18.138","18.187","18.237","18.049","34.90M","-0.32%"
"26/06/2023","18.197","17.881","18.246","17.871","126.53M","2.10%"
"23/06/2023","17.822","17.772","17.960","17.604","127.44M","1.75%"
"22/06/2023","17.515","16.844","17.664","16.755","157.78M","3.98%"
"21/06/2023","16.844","17.288","17.506","16.844","92.97M","-2.57%"
"20/06/2023","17.288","17.545","17.644","17.189","101.29M","-2.13%"
"19/06/2023","17.664","18.207","18.217","17.575","118.93M","-2.88%"
"16/06/2023","18.187","18.177","18.375","18.019","167.14M","0.60%"
"15/06/2023","18.079","17.930","18.148","17.802","135.85M","0.83%"
"14/06/2023","17.930","18.533","18.740","17.920","179.76M","-2.94%"
"13/06/2023","18.474","18.770","18.908","18.256","231.87M","-1.42%"
"12/06/2023","18.740","18.444","19.373","18.444","273.61M","2.15%"
"09/06/2023","18.345","18.167","18.474","17.950","228.89M","1.75%"
"08/06/2023","18.029","18.029","18.207","17.743","181.25M","-0.11%"
"07/06/2023","18.049","17.782","18.296","17.713","251.76M","4.10%"
"06/06/2023","17.338","17.338","17.812","17.209","199.65M","0.00%"
"05/06/2023","17.338","17.259","17.427","17.021","158.82M","2.76%"
"02/06/2023","16.873","16.804","16.982","16.567","132.63M","2.52%"
"01/06/2023","16.458","16.478","16.804","16.360","84.65M","0.85%"
"31/05/2023","16.320","16.893","17.120","16.320","156.79M","-3.33%"
"30/05/2023","16.883","16.676","16.992","16.567","140.22M","1.91%"
"29/05/2023","16.567","16.251","16.804","15.945","211.38M","4.94%"
"26/05/2023","15.787","15.362","15.876","15.322","113.97M","2.97%"
"25/05/2023","15.332","15.303","15.401","15.154","46.64M","0.19%"
"24/05/2023","15.303","15.303","15.431","15.125","75.97M","-0.06%"
"23/05/2023","15.312","15.372","15.500","15.243","71.74M","-0.58%"
"22/05/2023","15.401","15.401","15.658","15.204","119.58M","0.25%"
"18/05/2023","15.362","16.123","16.290","15.322","120.68M","-4.77%"
"17/05/2023","16.132","16.103","16.330","15.895","120.55M","-0.06%"
"16/05/2023","16.142","14.967","16.142","14.967","224.99M","7.85%"
"15/05/2023","14.967","13.692","15.698","13.692","210.86M","-1.62%"
"12/05/2023","15.214","15.382","15.461","14.868","142.84M","-0.96%"
"11/05/2023","15.362","14.532","15.589","14.532","312.57M","5.71%"
"10/05/2023","14.532","14.848","14.898","14.532","94.00M","-2.19%"
"09/05/2023","14.858","15.125","15.174","14.799","101.92M","-1.77%"
"08/05/2023","15.125","14.927","15.273","14.848","146.96M","2.20%"
"05/05/2023","14.799","15.273","15.312","14.739","119.02M","-3.10%"
"04/05/2023","15.273","15.391","15.589","15.214","149.03M","-1.22%"
"03/05/2023","15.461","15.836","15.885","15.144","169.11M","-2.91%"
"02/05/2023","15.925","16.399","16.488","15.866","148.48M","-2.71%"
"28/04/2023","16.369","16.547","16.705","16.221","289.21M","1.59%"
"27/04/2023","16.113","16.202","16.449","16.073","146.55M","-0.85%"
"26/04/2023","16.251","16.844","16.893","16.192","172.83M","-3.69%"
"25/04/2023","16.873","16.982","17.496","16.814","309.90M","0.11%"
"24/04/2023","16.854","17.051","17.150","16.784","121.28M","-0.98%"
"20/04/2023","17.021","17.170","17.170","17.002","29.01M","-1.09%"
"19/04/2023","17.209","17.170","17.249","17.012","90.21M","0.40%"
"18/04/2023","17.140","17.377","17.496","17.071","106.58M","-1.25%"
"17/04/2023","17.357","17.664","17.683","17.328","91.82M","-1.57%"
"14/04/2023","17.634","17.950","18.088","17.634","107.44M","-1.65%"
"13/04/2023","17.930","17.930","18.246","17.891","174.91M","0.11%"
"12/04/2023","17.911","17.930","18.128","17.861","169.17M","0.17%"
"11/04/2023","17.881","17.753","18.079","17.713","186.22M","0.89%"
"10/04/2023","17.723","17.318","17.723","17.318","143.50M","2.93%"
"07/04/2023","17.219","17.209","17.427","17.199","110.52M","0.06%"
"06/04/2023","17.209","17.486","17.594","17.180","126.17M","-1.64%"
"05/04/2023","17.496","17.792","17.970","17.466","152.07M","-1.50%"
"04/04/2023","17.762","17.436","17.762","17.348","163.70M","1.87%"
"03/04/2023","17.436","17.427","17.545","16.972","167.46M","-0.29%"
"31/03/2023","17.486","17.762","17.891","17.466","125.67M","-1.45%"
"30/03/2023","17.743","17.980","18.167","17.723","147.86M","-1.10%"
"29/03/2023","17.940","17.634","18.167","17.545","314.86M","1.45%"
"28/03/2023","17.683","18.493","18.503","17.683","159.69M","-4.23%"
"27/03/2023","18.464","18.434","18.691","18.375","220.72M","0.75%"
"24/03/2023","18.326","18.365","18.523","18.316","251.51M","0.00%"
"23/03/2023","18.326","18.326","18.829","18.246","299.82M","0.00%"
"22/03/2023","18.326","18.375","18.434","18.118","210.47M","0.22%"
"21/03/2023","18.286","18.375","18.563","18.207","179.65M","0.00%"
"20/03/2023","18.286","18.750","18.750","18.246","239.21M","-2.58%"
"17/03/2023","18.770","19.718","19.797","18.770","195.67M","-4.33%"
"16/03/2023","19.620","19.363","19.728","19.195","187.14M","2.95%"
"15/03/2023","19.057","19.620","19.797","18.997","179.52M","-2.67%"
"14/03/2023","19.580","19.718","20.114","19.580","266.81M","-0.70%"
"13/03/2023","19.718","20.232","20.301","19.709","216.81M","-2.06%"
"10/03/2023","20.133","20.380","20.479","20.114","349.04M","-5.17%"
"09/03/2023","21.230","21.428","21.813","21.230","370.33M","-0.09%"
"08/03/2023","21.250","21.872","21.892","21.210","219.23M","-2.93%"
"07/03/2023","21.892","22.060","22.425","21.892","319.86M","-0.18%"
"06/03/2023","21.931","21.536","22.168","21.151","441.91M","0.95%"
"03/03/2023","21.724","21.516","21.813","20.617","264.96M","0.73%"
"02/03/2023","21.566","22.435","22.573","21.556","222.70M","-3.87%"
"01/03/2023","22.435","21.902","22.465","21.763","305.51M","2.99%"
"28/02/2023","21.783","21.833","22.327","21.754","253.34M","0.13%"
"27/02/2023","21.754","21.852","21.872","21.171","191.19M","-0.45%"
"24/02/2023","21.852","21.981","22.722","21.833","249.79M","-0.31%"
"23/02/2023","21.921","22.475","22.504","21.833","202.40M","-2.46%"
"22/02/2023","22.475","24.213","24.233","22.356","361.01M","-8.74%"
"21/02/2023","24.628","24.451","26.451","24.391","495.62M","1.09%"
"20/02/2023","24.362","22.406","24.520","22.257","477.89M","9.26%"
"17/02/2023","22.297","21.487","22.455","21.289","333.19M","1.44%"
"16/02/2023","21.981","22.129","22.178","20.657","384.57M","7.70%"
"15/02/2023","20.410","19.758","20.410","19.758","62.87M","9.95%"
"07/02/2023","18.563","19.758","19.886","18.395","134.69M","-6.19%"
"06/02/2023","19.788","19.027","19.985","18.760","69.73M","2.04%"
"03/02/2023","19.392","18.474","19.402","18.316","168.27M","4.69%"
"02/02/2023","18.523","17.980","18.711","17.555","269.83M","3.25%"
"01/02/2023","17.940","18.879","18.899","17.940","154.23M","-4.67%"
"31/01/2023","18.819","19.274","19.323","18.819","159.85M","-2.71%"
"30/01/2023","19.343","19.620","19.807","19.274","148.82M","0.16%"
"27/01/2023","19.313","19.215","19.373","18.563","165.08M","0.20%"
"26/01/2023","19.274","19.086","19.353","18.958","137.54M","0.88%"
"25/01/2023","19.106","19.373","19.560","18.533","259.81M","-1.07%"
"24/01/2023","19.313","19.639","19.709","19.106","232.15M","-1.56%"
"23/01/2023","19.620","20.341","20.361","19.373","286.76M","-3.12%"
"20/01/2023","20.252","20.005","20.410","19.975","360.18M","1.59%"
"19/01/2023","19.936","20.035","20.291","19.807","329.55M","-0.54%"
"18/01/2023","20.044","20.311","20.499","19.985","437.95M","-0.79%"
"17/01/2023","20.203","20.351","20.657","20.104","585.86M","-0.29%"
"16/01/2023","20.262","20.015","20.321","19.837","258.18M","1.64%"
"13/01/2023","19.936","19.462","20.222","19.234","306.92M","1.97%"
"12/01/2023","19.551","18.721","19.659","17.990","414.80M","7.44%"
"11/01/2023","18.197","18.819","19.145","18.138","337.71M","-2.70%"
"10/01/2023","18.701","19.669","19.916","18.691","364.25M","-4.92%"
"09/01/2023","19.669","20.855","20.914","19.452","394.46M","-4.37%"
"06/01/2023","20.568","19.857","20.943","19.066","642.55M","3.89%"
"05/01/2023","19.797","21.566","21.734","19.797","934.12M","-6.62%"
"04/01/2023","21.200","20.963","21.378","20.934","635.93M","1.61%"
"03/01/2023","20.864","21.181","21.329","20.736","538.39M","-1.26%"
"02/01/2023","21.131","20.499","21.378","20.469","486.50M","3.68%"
"30/12/2022","20.380","20.598","20.746","20.380","177.09M","-0.34%"
"29/12/2022","20.450","20.064","20.617","20.064","149.15M","2.07%"
"28/12/2022","20.035","20.114","20.361","19.807","171.25M","-0.29%"
"27/12/2022","20.094","20.548","20.598","20.084","110.36M","-1.93%"
"26/12/2022","20.489","20.558","20.736","20.410","117.33M","0.83%"
"23/12/2022","20.321","20.469","20.627","20.291","118.75M","-0.58%"
"22/12/2022","20.440","20.874","20.914","20.351","159.37M","-1.75%"
"21/12/2022","20.805","20.805","21.052","20.647","278.25M","0.43%"
"20/12/2022","20.716","20.519","21.141","20.469","277.44M","1.06%"
"19/12/2022","20.499","20.203","20.647","20.153","244.31M","2.27%"
"16/12/2022","20.044","20.351","20.845","19.995","190.80M","-1.27%"
"15/12/2022","20.301","20.696","20.943","19.926","178.53M","0.19%"
"14/12/2022","20.262","21.309","21.329","20.252","258.61M","-4.96%"
"13/12/2022","21.319","20.519","21.655","20.400","458.30M","4.05%"
"12/12/2022","20.489","20.311","20.706","20.311","257.19M","2.42%"
"09/12/2022","20.005","19.896","20.183","19.857","206.42M","0.60%"
"08/12/2022","19.886","20.133","20.173","19.383","210.68M","-1.08%"
"07/12/2022","20.104","21.062","21.072","20.015","228.35M","-4.41%"
"06/12/2022","21.032","21.161","21.586","20.864","348.41M","0.33%"
"05/12/2022","20.963","20.450","21.684","19.985","614.54M","2.46%"
"02/12/2022","20.459","20.993","21.022","20.351","274.50M","-2.50%"
"01/12/2022","20.983","21.388","21.763","20.825","270.25M","-0.42%"
"30/11/2022","21.072","20.746","21.477","20.677","295.58M","1.91%"
"29/11/2022","20.677","20.795","20.855","20.321","177.33M","-0.09%"
"28/11/2022","20.696","20.835","21.121","20.627","236.44M","0.04%"
"25/11/2022","20.687","20.499","20.904","20.400","258.66M","0.97%"
"24/11/2022","20.489","20.647","21.309","20.331","363.31M","0.10%"
"23/11/2022","20.469","20.114","20.529","19.590","302.27M","1.82%"
"22/11/2022","20.104","18.829","20.440","18.800","478.26M","7.96%"
"21/11/2022","18.622","18.306","18.622","18.128","209.08M","2.17%"
"18/11/2022","18.227","18.355","18.731","17.990","253.01M","0.00%"
"17/11/2022","18.227","18.414","18.829","17.664","390.26M","-0.38%"
"16/11/2022","18.296","18.632","18.879","18.227","321.01M","-1.49%"
"15/11/2022","18.573","18.592","19.047","18.000","470.54M","0.70%"
"14/11/2022","18.444","18.227","18.740","18.167","228.97M","2.30%"
"11/11/2022","18.029","18.859","18.948","17.861","358.89M","-2.77%"
"10/11/2022","18.543","17.219","18.859","16.962","534.47M","8.12%"
"09/11/2022","17.150","17.634","18.128","16.913","332.96M","-2.85%"
"08/11/2022","17.654","18.879","19.313","17.446","691.35M","-2.40%"
"07/11/2022","18.088","16.794","18.088","16.775","280.91M","9.96%"
"04/11/2022","16.449","16.053","16.449","15.658","394.65M","9.98%"
"03/11/2022","14.957","15.056","15.056","14.769","129.57M","-1.11%"
"02/11/2022","15.125","14.720","15.204","14.720","189.66M","3.17%"
"01/11/2022","14.660","14.700","15.016","14.621","158.10M","-0.07%"
"31/10/2022","14.670","14.680","14.779","14.483","94.19M","0.20%"
"28/10/2022","14.641","14.838","14.838","14.621","54.59M","-1.59%"
"27/10/2022","14.878","15.273","15.273","14.799","157.50M","-2.21%"
"26/10/2022","15.214","14.986","15.303","14.858","159.51M","1.92%"
"25/10/2022","14.927","15.115","15.303","14.878","159.10M","-0.86%"
"24/10/2022","15.056","14.670","15.510","14.670","243.85M","3.19%"
"21/10/2022","14.591","14.759","14.769","14.542","109.93M","-1.00%"
"20/10/2022","14.739","14.720","14.828","14.522","141.76M","0.33%"
"19/10/2022","14.690","14.878","14.996","14.651","110.21M","-1.06%"
"18/10/2022","14.848","15.085","15.115","14.779","148.55M","-0.99%"
"17/10/2022","14.996","14.581","15.115","14.473","200.26M","3.26%"
"14/10/2022","14.522","14.670","14.769","14.492","93.09M","0.55%"
"13/10/2022","14.443","14.552","14.818","14.344","102.87M","-0.61%"
"12/10/2022","14.532","14.937","14.977","14.522","106.23M","-2.65%"
"11/10/2022","14.927","15.144","15.164","14.927","111.68M","-1.11%"
"10/10/2022","15.095","14.967","15.283","14.927","136.40M","1.13%"
"07/10/2022","14.927","14.996","15.253","14.878","130.40M","-0.33%"
"06/10/2022","14.977","15.194","15.243","14.917","110.54M","-0.85%"
"05/10/2022","15.105","15.520","15.579","14.907","154.92M","-2.11%"
"04/10/2022","15.431","15.470","15.688","15.154","170.76M","0.00%"
"03/10/2022","15.431","14.334","15.480","14.334","128.21M","7.80%"
"30/09/2022","14.315","14.285","14.473","14.127","62.53M","0.42%"
"29/09/2022","14.255","14.226","14.562","13.613","111.05M","0.49%"
"28/09/2022","14.186","14.601","14.670","14.186","86.60M","-2.84%"
"27/09/2022","14.601","14.641","14.937","14.572","87.17M","0.07%"
"26/09/2022","14.591","14.868","14.927","14.562","91.77M","-1.99%"
"23/09/2022","14.888","15.352","15.441","14.888","89.49M","-2.52%"
"22/09/2022","15.273","14.828","15.609","14.759","129.97M","3.00%"
"21/09/2022","14.828","14.996","15.046","14.710","80.68M","-1.70%"
"20/09/2022","15.085","14.749","15.135","14.572","95.65M","3.39%"
"19/09/2022","14.591","15.352","15.451","14.591","79.67M","-4.65%"
"16/09/2022","15.303","14.937","15.342","14.937","91.38M","2.59%"
"15/09/2022","14.917","15.332","15.638","14.917","208.78M","-3.14%"
"14/09/2022","15.401","15.065","15.510","14.433","209.59M","2.23%"
"13/09/2022","15.065","16.715","16.903","15.065","500.10M","-8.69%"
"12/09/2022","16.498","16.330","16.794","16.073","434.20M","2.89%"
"09/09/2022","16.034","15.490","16.439","15.401","519.36M","5.05%"
"08/09/2022","15.263","15.312","15.984","15.204","205.49M","0.52%"
"07/09/2022","15.184","15.717","15.727","15.115","214.47M","-3.27%"
"06/09/2022","15.698","15.836","16.547","15.303","600.74M","2.58%"
"05/09/2022","15.303","14.008","15.303","13.929","521.53M","9.94%"
"02/09/2022","13.919","13.831","14.038","13.722","122.47M","1.00%"
"01/09/2022","13.781","14.216","14.216","13.781","120.97M","-3.06%"
"31/08/2022","14.216","14.443","14.483","14.216","103.87M","-1.44%"
"29/08/2022","14.423","14.572","14.641","14.285","109.47M","-1.02%"
"26/08/2022","14.572","14.404","14.868","14.196","240.14M","1.45%"
"25/08/2022","14.364","14.028","14.690","14.028","168.74M","1.46%"
"24/08/2022","14.157","14.660","14.690","14.107","141.59M","-2.78%"
"23/08/2022","14.562","14.562","14.809","14.492","151.95M","0.14%"
"22/08/2022","14.542","14.769","14.927","14.453","139.20M","-0.94%"
"19/08/2022","14.680","14.611","15.056","14.532","201.45M","0.81%"
"18/08/2022","14.562","13.831","14.809","13.712","437.38M","5.51%"
"17/08/2022","13.801","13.761","13.989","13.692","106.42M","0.65%"
"16/08/2022","13.712","13.771","13.880","13.208","107.55M","-0.29%"
"15/08/2022","13.752","13.979","13.989","13.732","56.67M","-1.20%"
"12/08/2022","13.919","14.166","14.186","13.860","86.62M","-1.54%"
"11/08/2022","14.137","14.226","14.305","14.028","104.44M","0.49%"
"10/08/2022","14.068","13.959","14.068","13.633","127.65M","0.14%"
"09/08/2022","14.048","14.196","14.305","13.989","94.66M","-0.90%"
"08/08/2022","14.176","13.712","14.216","13.682","156.50M","4.06%"
"05/08/2022","13.623","13.811","13.831","13.475","103.28M","-0.94%"
"04/08/2022","13.752","13.771","13.880","13.653","94.15M","0.65%"
"03/08/2022","13.663","13.761","13.821","13.584","73.67M","-0.14%"
"02/08/2022","13.682","13.860","13.969","13.663","105.58M","-1.21%"
"01/08/2022","13.850","13.682","13.910","13.682","85.15M","1.52%"
"29/07/2022","13.643","13.426","13.732","13.297","82.42M","1.62%"
"28/07/2022","13.426","13.584","13.742","13.386","71.24M","-0.14%"
"27/07/2022","13.445","13.692","13.742","13.406","65.68M","-1.31%"
"26/07/2022","13.623","14.097","14.216","13.613","90.64M","-3.03%"
"25/07/2022","14.048","13.929","14.157","13.929","68.01M","1.06%"
"22/07/2022","13.900","13.831","14.078","13.801","92.04M","1.22%"
"21/07/2022","13.732","13.949","13.969","13.712","76.21M","-1.56%"
"20/07/2022","13.949","13.732","13.999","13.732","86.48M","1.95%"
"19/07/2022","13.682","13.495","13.722","13.337","74.80M","1.39%"
"18/07/2022","13.495","12.991","13.544","12.991","122.75M","5.24%"
"14/07/2022","12.823","12.793","13.001","12.675","76.50M","-0.08%"
"13/07/2022","12.833","13.109","13.119","12.744","71.49M","-2.04%"
"08/07/2022","13.100","12.951","13.188","12.902","49.69M","1.15%"
"07/07/2022","12.951","13.238","13.238","12.833","94.88M","-1.66%"
"06/07/2022","13.169","12.951","13.248","12.704","152.92M","2.23%"
"05/07/2022","12.882","12.991","13.109","12.645","132.64M","0.46%"
"04/07/2022","12.823","13.356","13.376","12.823","99.47M","-4.06%"
"01/07/2022","13.366","13.386","13.564","13.238","94.29M","-0.30%"
"30/06/2022","13.406","13.109","13.564","12.981","131.20M","2.27%"
"29/06/2022","13.109","13.564","13.633","13.090","119.95M","-3.70%"
"28/06/2022","13.613","13.880","13.919","13.426","113.07M","-1.01%"
"27/06/2022","13.752","13.406","13.969","13.376","131.93M","-0.07%"
"24/06/2022","13.761","13.682","13.910","13.426","150.00M","1.01%"
"23/06/2022","13.623","13.929","13.969","13.623","116.82M","-2.20%"
"22/06/2022","13.929","14.097","14.097","13.761","140.08M","-1.74%"
"21/06/2022","14.176","13.910","14.275","13.722","275.37M","2.79%"
"20/06/2022","13.791","14.275","14.315","13.524","342.43M","-3.19%"
"17/06/2022","14.246","14.463","14.542","14.097","243.43M","-1.23%"
"16/06/2022","14.423","14.888","15.135","14.384","193.39M","-2.54%"
"15/06/2022","14.799","15.046","15.214","14.749","214.84M","-1.51%"
"14/06/2022","15.026","15.441","15.579","14.986","155.88M","-2.31%"
"13/06/2022","15.382","16.409","16.409","15.382","180.53M","-6.32%"
"10/06/2022","16.419","16.547","16.903","16.379","80.66M","-2.01%"
"09/06/2022","16.755","16.854","16.982","16.528","86.77M","-0.59%"
"08/06/2022","16.854","17.229","17.664","16.695","145.44M","-1.67%"
"07/06/2022","17.140","17.318","17.476","16.962","90.02M","-0.86%"
"06/06/2022","17.288","17.120","17.525","17.031","92.61M","1.39%"
"03/06/2022","17.051","17.239","17.496","17.002","92.56M","-0.46%"
"02/06/2022","17.130","16.942","17.189","16.725","90.10M","1.28%"
"01/06/2022","16.913","16.893","17.209","16.863","80.85M","0.12%"
"31/05/2022","16.893","17.150","17.150","16.784","96.65M","-1.56%"
"30/05/2022","17.160","16.478","17.259","16.310","155.69M","5.66%"
"27/05/2022","16.241","16.043","16.616","16.043","124.87M","1.42%"
"26/05/2022","16.014","15.945","16.142","15.816","81.86M","0.43%"
"25/05/2022","15.945","15.668","16.024","15.579","84.35M","2.15%"
"24/05/2022","15.609","15.629","15.826","15.411","76.58M","0.51%"
"23/05/2022","15.530","15.638","15.717","15.115","96.53M","1.36%"
"20/05/2022","15.322","15.688","15.787","15.303","80.23M","-2.76%"
"18/05/2022","15.757","15.638","15.866","15.559","68.61M","0.57%"
"17/05/2022","15.668","15.708","15.935","15.629","86.97M","0.13%"
"16/05/2022","15.648","16.113","16.113","15.648","84.15M","-2.95%"
"13/05/2022","16.123","16.123","16.172","15.885","69.09M","1.37%"
"12/05/2022","15.905","16.676","16.705","15.846","145.65M","-5.68%"
"11/05/2022","16.863","17.180","17.219","16.656","95.11M","-1.39%"
"10/05/2022","17.101","16.725","17.130","16.715","138.60M","3.29%"
"09/05/2022","16.557","16.330","16.656","16.251","130.22M","1.76%"
"06/05/2022","16.271","16.429","16.508","16.083","92.51M","-1.67%"
"05/05/2022","16.547","16.725","16.854","16.518","90.67M","-0.18%"
"29/04/2022","16.577","16.597","16.676","16.360","86.14M","1.21%"
"28/04/2022","16.379","16.923","17.031","16.340","97.43M","-3.44%"
"27/04/2022","16.962","16.379","17.012","16.310","140.04M","3.81%"
"26/04/2022","16.340","17.170","17.456","16.320","117.37M","-4.11%"
"25/04/2022","17.041","17.140","17.259","16.715","83.64M","-1.31%"
"22/04/2022","17.268","17.970","18.009","17.150","83.50M","-4.22%"
"21/04/2022","18.029","17.634","18.118","17.594","101.09M","2.30%"
"20/04/2022","17.624","17.802","17.950","17.585","90.10M","-0.56%"
"19/04/2022","17.723","17.466","17.723","17.357","103.43M","1.99%"
"18/04/2022","17.377","17.476","17.506","17.318","48.12M","-0.34%"
"15/04/2022","17.436","17.308","17.466","17.160","57.79M","0.74%"
"14/04/2022","17.308","17.555","17.743","17.229","92.80M","-0.34%"
"13/04/2022","17.367","17.110","17.486","17.012","173.18M","2.15%"
"12/04/2022","17.002","16.982","17.338","16.863","115.76M","0.18%"
"11/04/2022","16.972","16.814","17.160","16.686","131.69M","1.00%"
"08/04/2022","16.804","16.863","16.903","16.705","53.37M","-0.12%"
"07/04/2022","16.824","16.656","16.893","16.656","71.58M","1.31%"
"06/04/2022","16.607","17.071","17.199","16.587","89.69M","-2.83%"
"05/04/2022","17.091","17.041","17.308","16.933","107.32M","0.64%"
"04/04/2022","16.982","16.518","17.041","16.320","131.41M","3.18%"
"01/04/2022","16.458","16.113","16.518","16.103","129.32M","2.71%"
"31/03/2022","16.024","16.123","16.241","15.885","68.52M","-0.55%"
"30/03/2022","16.113","16.083","16.290","16.053","75.66M","0.31%"
"29/03/2022","16.063","16.172","16.557","16.053","110.44M","-0.55%"
"28/03/2022","16.152","16.419","16.429","16.142","79.18M","-1.51%"
"25/03/2022","16.399","16.636","16.646","16.399","59.27M","-0.95%"
"24/03/2022","16.557","16.557","16.794","16.449","123.45M","0.06%"
"23/03/2022","16.547","16.784","16.784","16.399","88.94M","-0.89%"
"22/03/2022","16.695","16.202","16.913","16.053","224.09M","6.19%"
"21/03/2022","15.722","15.818","15.818","15.566","107.33M","0.33%"
"18/03/2022","15.670","15.722","15.809","15.497","130.88M","1.12%"
"17/03/2022","15.497","15.038","15.540","15.029","180.17M","4.31%"
"16/03/2022","14.856","14.942","15.064","14.786","87.95M","0.18%"
"15/03/2022","14.830","14.925","15.124","14.812","96.48M","-0.52%"
"14/03/2022","14.908","14.847","14.977","14.717","85.07M","1.24%"
"11/03/2022","14.726","15.055","15.142","14.656","111.93M","-1.85%"
"10/03/2022","15.003","14.691","15.133","14.648","141.66M","2.24%"
"09/03/2022","14.674","15.168","15.220","14.648","111.05M","-1.68%"
"08/03/2022","14.925","14.942","15.454","14.908","150.33M","-0.41%"
"07/03/2022","14.986","14.630","15.228","14.578","171.12M","1.71%"
"04/03/2022","14.734","15.168","15.376","14.734","157.55M","-3.79%"
"03/03/2022","15.315","15.133","15.982","15.029","196.97M","2.50%"
"02/03/2022","14.942","14.405","15.133","14.188","224.03M","3.92%"
"01/03/2022","14.379","13.677","14.414","13.634","206.50M","6.76%"
"28/02/2022","13.469","13.304","13.746","13.218","174.42M","-0.26%"
"25/02/2022","13.504","12.949","13.616","12.845","213.12M","7.16%"
"24/02/2022","12.602","12.594","12.958","11.935","300.35M","-4.41%"
"23/02/2022","13.183","12.602","13.460","12.568","285.02M","7.11%"
"22/02/2022","12.308","12.238","12.490","12.126","93.22M","-1.59%"
"21/02/2022","12.507","12.403","12.550","12.221","89.93M","1.83%"
"18/02/2022","12.282","12.273","12.334","12.091","58.89M","1.07%"
"17/02/2022","12.152","12.247","12.507","12.073","138.75M","-0.49%"
"16/02/2022","12.212","12.438","12.455","12.204","75.56M","-1.33%"
"15/02/2022","12.377","12.152","12.533","12.143","105.65M","2.22%"
"14/02/2022","12.108","12.342","12.368","12.004","124.75M","-3.92%"
"11/02/2022","12.602","12.550","12.715","12.264","150.95M","-1.29%"
"10/02/2022","12.767","12.958","13.027","12.680","124.19M","-0.48%"
"09/02/2022","12.828","12.446","12.914","12.394","131.54M","4.08%"
"08/02/2022","12.325","12.438","12.472","12.056","99.16M","-1.04%"
"07/02/2022","12.455","11.562","12.464","11.371","103.73M","7.72%"
"04/02/2022","11.562","11.787","11.831","11.493","44.97M","-0.81%"
"03/02/2022","11.657","11.796","12.004","11.605","59.66M","-1.47%"
"02/02/2022","11.831","12.056","12.117","11.744","56.05M","-1.09%"
"01/02/2022","11.961","11.900","12.160","11.891","78.00M","1.18%"
"31/01/2022","11.822","11.978","12.065","11.822","49.13M","0.00%"
"28/01/2022","11.822","12.152","12.282","11.813","81.74M","-1.87%"
"27/01/2022","12.047","11.605","12.047","11.449","85.38M","2.21%"
"26/01/2022","11.787","11.822","12.178","11.787","91.07M","-0.30%"
"25/01/2022","11.822","11.787","11.935","11.415","79.90M","1.19%"
"24/01/2022","11.683","12.325","12.342","11.623","104.32M","-6.20%"
"21/01/2022","12.455","12.351","12.559","12.108","95.64M","0.28%"
"20/01/2022","12.420","12.932","12.992","12.273","119.71M","-2.32%"
"19/01/2022","12.715","12.438","12.845","12.178","133.62M","1.45%"
"18/01/2022","12.533","13.192","13.278","12.533","117.79M","-5.37%"
"17/01/2022","13.244","13.642","13.642","13.244","92.77M","-2.92%"
"14/01/2022","13.642","13.720","13.755","13.469","103.91M","-0.45%"
"13/01/2022","13.703","13.616","13.885","13.530","145.80M","0.12%"
"12/01/2022","13.686","13.937","14.076","13.668","162.01M","-0.57%"
"11/01/2022","13.764","13.365","13.894","13.226","333.38M","4.13%"
"10/01/2022","13.218","13.356","13.486","13.218","135.20M","-0.39%"
"07/01/2022","13.270","13.218","13.512","13.114","245.51M","1.39%"
"06/01/2022","13.088","13.218","13.426","13.088","179.01M","-2.14%"
"05/01/2022","13.374","13.096","13.434","12.854","172.09M","2.12%"
"04/01/2022","13.096","12.810","13.166","12.724","149.02M","3.35%"
"03/01/2022","12.672","12.351","12.672","12.247","94.11M","3.83%"
"31/12/2021","12.204","12.299","12.524","12.117","103.51M","-0.70%"
"30/12/2021","12.290","12.958","13.096","12.204","159.65M","-3.14%"
"29/12/2021","12.689","12.056","12.698","11.917","142.58M","5.25%"
"28/12/2021","12.056","12.602","12.680","11.961","97.22M","-3.13%"
"27/12/2021","12.446","12.351","12.732","12.195","133.83M","1.20%"
"24/12/2021","12.299","11.449","12.368","11.155","183.31M","7.58%"
"23/12/2021","11.432","11.207","11.553","10.210","196.47M","3.69%"
"22/12/2021","11.025","11.484","12.195","11.025","231.83M","-9.98%"
"21/12/2021","12.247","13.001","13.174","12.247","128.53M","-9.94%"
"20/12/2021","13.599","13.088","14.431","12.134","173.97M","1.55%"
"17/12/2021","13.391","15.168","15.714","13.114","181.79M","-8.04%"
"16/12/2021","14.561","13.512","14.604","13.330","177.23M","8.53%"
"15/12/2021","13.417","13.287","13.573","12.880","129.50M","2.72%"
"14/12/2021","13.062","12.958","13.062","12.706","105.53M","5.09%"
"13/12/2021","12.429","11.805","12.446","11.796","106.86M","7.34%"
"10/12/2021","11.579","11.467","11.605","11.163","96.57M","1.21%"
"09/12/2021","11.441","11.042","11.709","11.042","159.14M","4.27%"
"08/12/2021","10.973","11.059","11.267","10.912","110.75M","-0.47%"
"07/12/2021","11.025","10.392","11.129","10.262","163.29M","7.53%"
"06/12/2021","10.253","10.409","10.505","10.149","75.49M","-0.59%"
"03/12/2021","10.314","10.271","10.487","10.227","95.36M","1.71%"
"02/12/2021","10.141","9.993","10.271","9.976","119.62M","2.01%"
"01/12/2021","9.941","9.898","10.132","9.811","109.51M","1.77%"
"30/11/2021","9.768","9.872","10.115","9.768","99.37M","-1.31%"
"29/11/2021","9.898","9.837","10.011","9.777","62.91M","1.60%"
"26/11/2021","9.742","9.924","9.967","9.569","72.01M","-2.94%"
"25/11/2021","10.037","9.976","10.054","9.725","78.71M","0.70%"
"24/11/2021","9.967","10.314","10.505","9.811","154.75M","-0.35%"
"23/11/2021","10.002","9.395","10.080","9.395","188.54M","7.05%"
"22/11/2021","9.343","9.317","9.404","9.196","64.70M","1.50%"
"19/11/2021","9.205","9.179","9.369","9.049","118.05M","1.05%"
"18/11/2021","9.109","8.737","9.213","8.615","145.62M","4.37%"
"17/11/2021","8.728","8.451","8.763","8.451","86.41M","3.28%"
"16/11/2021","8.451","8.797","8.815","8.420","78.23M","-3.27%"
"15/11/2021","8.737","8.550","8.875","8.524","97.77M","3.02%"
"12/11/2021","8.481","8.468","8.559","8.412","59.13M","0.66%"
"11/11/2021","8.425","8.429","8.555","8.381","118.57M","0.47%"
"10/11/2021","8.386","8.459","8.485","8.303","99.58M","-1.42%"
"09/11/2021","8.507","8.516","8.646","8.420","126.57M","0.46%"
"08/11/2021","8.468","8.152","8.468","8.147","88.92M","3.94%"
"05/11/2021","8.147","8.178","8.191","8.052","61.23M","-0.54%"
"04/11/2021","8.191","8.264","8.329","8.182","65.89M","-0.26%"
"03/11/2021","8.212","8.260","8.334","7.996","109.83M","-0.74%"
"02/11/2021","8.273","8.516","8.537","8.273","74.70M","-3.09%"
"01/11/2021","8.537","8.537","8.572","8.390","62.63M","0.05%"
"28/10/2021","8.533","8.559","8.659","8.520","37.72M","-0.41%"
"27/10/2021","8.568","8.685","8.719","8.390","142.83M","-1.14%"
"26/10/2021","8.667","8.602","8.711","8.581","87.05M","1.88%"
"25/10/2021","8.507","8.342","8.524","8.334","81.93M","1.44%"
"22/10/2021","8.386","8.152","8.407","8.121","105.85M","2.66%"
"21/10/2021","8.169","7.905","8.173","7.766","118.10M","3.34%"
"20/10/2021","7.905","7.870","7.935","7.844","52.21M","0.73%"
"19/10/2021","7.848","7.913","7.948","7.827","51.84M","-0.49%"
"18/10/2021","7.887","7.770","7.922","7.710","71.20M","2.07%"
"15/10/2021","7.727","7.640","7.736","7.584","99.54M","1.59%"
"14/10/2021","7.606","7.528","7.666","7.506","71.05M","0.98%"
"13/10/2021","7.532","7.662","7.723","7.502","68.40M","-1.41%"
"12/10/2021","7.640","7.562","7.671","7.528","71.66M","0.39%"
"11/10/2021","7.610","7.411","7.718","7.411","99.73M","2.87%"
"08/10/2021","7.398","7.359","7.428","7.281","92.85M","0.65%"
"07/10/2021","7.350","7.090","7.354","7.085","101.50M","5.01%"
"06/10/2021","6.999","7.133","7.250","6.973","170.41M","0.00%"
"05/10/2021","6.999","7.094","7.103","6.994","56.96M","-1.10%"
"04/10/2021","7.077","7.224","7.246","7.077","51.15M","-2.03%"
"01/10/2021","7.224","7.189","7.272","7.137","52.83M","0.12%"
"30/09/2021","7.215","7.146","7.272","7.116","67.90M","1.09%"
"29/09/2021","7.137","7.254","7.289","7.137","44.78M","-0.85%"
"28/09/2021","7.198","7.298","7.350","7.185","45.52M","-1.37%"
"27/09/2021","7.298","7.389","7.437","7.224","54.39M","-0.12%"
"24/09/2021","7.307","7.302","7.354","7.220","51.34M","-0.53%"
"23/09/2021","7.346","7.346","7.372","7.198","128.13M","0.30%"
"22/09/2021","7.324","7.046","7.337","7.046","104.56M","5.23%"
"21/09/2021","6.960","7.181","7.220","6.947","77.00M","-2.60%"
"20/09/2021","7.146","7.298","7.346","7.129","62.84M","-3.24%"
"17/09/2021","7.385","7.441","7.463","7.311","71.32M","-0.40%"
"16/09/2021","7.415","7.571","7.601","7.415","56.73M","-1.55%"
"15/09/2021","7.532","7.688","7.727","7.493","66.24M","-2.19%"
"14/09/2021","7.701","7.827","7.831","7.697","40.36M","-1.61%"
"13/09/2021","7.827","7.792","7.874","7.753","40.27M","0.73%"
"10/09/2021","7.770","7.857","7.874","7.749","53.50M","-0.78%"
"09/09/2021","7.831","7.770","7.831","7.714","43.83M","0.79%"
"08/09/2021","7.770","7.844","7.892","7.762","36.26M","-0.73%"
"07/09/2021","7.827","7.913","7.944","7.827","45.08M","-1.04%"
"06/09/2021","7.909","7.874","7.944","7.874","26.24M","0.78%"
"03/09/2021","7.848","8.000","8.035","7.848","61.42M","-1.63%"
"02/09/2021","7.978","8.017","8.074","7.978","37.43M","-0.44%"
"01/09/2021","8.013","8.147","8.147","8.013","34.71M","-1.55%"
"31/08/2021","8.139","8.195","8.234","8.078","48.17M","0.38%"
"27/08/2021","8.108","7.991","8.108","7.970","49.00M","1.68%"
"26/08/2021","7.974","8.052","8.104","7.939","38.86M","-0.86%"
"25/08/2021","8.043","8.087","8.195","8.000","52.75M","-0.38%"
"24/08/2021","8.074","8.113","8.156","8.074","59.76M","-0.05%"
"23/08/2021","8.078","8.130","8.160","8.043","43.50M","0.00%"
"20/08/2021","8.078","8.035","8.178","7.983","80.10M","0.49%"
"19/08/2021","8.039","8.169","8.173","8.017","65.90M","-2.47%"
"18/08/2021","8.243","8.425","8.429","8.243","42.68M","-2.10%"
"17/08/2021","8.420","8.485","8.485","8.386","42.58M","-0.57%"
"16/08/2021","8.468","8.568","8.607","8.451","46.15M","-1.02%"
"13/08/2021","8.555","8.572","8.650","8.516","52.65M","-0.15%"
"12/08/2021","8.568","8.342","8.581","8.325","83.45M","3.68%"
"11/08/2021","8.264","8.585","8.676","8.264","126.71M","-3.25%"
"10/08/2021","8.542","8.650","8.711","8.498","140.16M","-3.95%"
"09/08/2021","8.893","9.014","9.014","8.841","38.60M","-1.34%"
"06/08/2021","9.014","8.841","9.040","8.780","70.05M","2.06%"
"05/08/2021","8.832","8.615","8.841","8.594","61.23M","2.31%"
"04/08/2021","8.633","8.711","8.763","8.602","45.35M","-0.69%"
"03/08/2021","8.693","8.537","8.737","8.485","102.66M","1.83%"
"02/08/2021","8.537","8.685","8.719","8.524","52.57M","-1.50%"
"30/07/2021","8.667","8.624","8.780","8.620","64.99M","0.00%"
"29/07/2021","8.667","8.199","8.763","8.199","127.64M","6.78%"
"28/07/2021","8.117","8.004","8.117","7.965","59.54M","1.35%"
"27/07/2021","8.009","7.831","8.013","7.788","50.16M","2.44%"
"26/07/2021","7.818","7.818","7.909","7.801","47.33M","0.67%"
"19/07/2021","7.766","7.801","7.814","7.736","11.42M","-0.99%"
"16/07/2021","7.844","7.909","7.909","7.762","34.33M","-0.49%"
"14/07/2021","7.883","7.796","7.974","7.796","38.40M","1.51%"
"13/07/2021","7.766","7.887","7.905","7.688","47.66M","-1.48%"
"12/07/2021","7.883","7.814","8.000","7.814","58.21M","0.78%"
"09/07/2021","7.822","7.640","7.831","7.636","63.65M","2.79%"
"08/07/2021","7.610","7.801","7.827","7.610","43.68M","-2.61%"
"07/07/2021","7.814","7.831","7.861","7.718","56.61M","0.06%"
"06/07/2021","7.809","7.944","8.017","7.809","57.04M","-1.10%"
"05/07/2021","7.896","7.866","7.922","7.792","37.11M","0.28%"
"02/07/2021","7.874","7.822","7.909","7.801","33.11M","0.77%"
"01/07/2021","7.814","7.788","7.896","7.749","34.86M","0.17%"
"30/06/2021","7.801","7.939","8.009","7.749","58.03M","-1.48%"
"29/06/2021","7.918","7.866","7.952","7.701","48.08M","0.56%"
"28/06/2021","7.874","7.874","7.922","7.809","33.14M","0.17%"
"25/06/2021","7.861","7.905","7.965","7.809","47.16M","-0.44%"
"24/06/2021","7.896","7.809","7.922","7.801","47.09M","1.33%"
"23/06/2021","7.792","7.922","7.983","7.775","35.73M","-1.27%"
"22/06/2021","7.892","7.905","7.931","7.749","54.33M","0.11%"
"21/06/2021","7.883","7.705","7.883","7.692","68.32M","2.24%"
"18/06/2021","7.710","8.152","8.199","7.710","85.81M","-4.91%"
"17/06/2021","8.108","8.178","8.251","8.035","54.51M","-1.17%"
"16/06/2021","8.204","8.264","8.325","8.186","36.54M","-0.73%"
"15/06/2021","8.264","8.420","8.516","8.247","58.11M","-1.85%"
"14/06/2021","8.420","8.329","8.520","8.321","58.29M","1.19%"
"11/06/2021","8.321","8.277","8.368","8.243","50.22M","0.74%"
"10/06/2021","8.260","8.269","8.321","8.221","29.16M","0.21%"
"09/06/2021","8.243","8.277","8.347","8.217","41.09M","0.00%"
"08/06/2021","8.243","8.269","8.282","8.199","25.58M","-0.47%"
"07/06/2021","8.282","8.178","8.312","8.147","32.91M","1.06%"
"04/06/2021","8.195","8.238","8.286","8.195","25.93M","-0.79%"
"03/06/2021","8.260","8.360","8.438","8.134","57.09M","-0.89%"
"02/06/2021","8.334","8.373","8.433","8.321","42.94M","-0.93%"
"01/06/2021","8.412","8.351","8.451","8.277","47.93M","0.94%"
"31/05/2021","8.334","8.299","8.477","8.286","67.65M","0.11%"
"28/05/2021","8.325","8.225","8.342","8.169","89.49M","1.86%"
"27/05/2021","8.173","8.290","8.290","8.087","73.37M","-1.16%"
"26/05/2021","8.269","8.074","8.303","8.074","62.02M","3.25%"
"25/05/2021","8.009","8.364","8.394","8.009","80.70M","-3.90%"
"24/05/2021","8.334","8.082","8.351","8.065","86.81M","2.79%"
"21/05/2021","8.108","8.048","8.247","8.048","65.10M","0.75%"
"20/05/2021","8.048","8.230","8.273","8.035","77.85M","-4.03%"
"18/05/2021","8.386","8.477","8.563","8.351","88.52M","-0.40%"
"17/05/2021","8.420","8.624","8.637","8.269","144.98M","-2.81%"
"12/05/2021","8.663","8.711","8.806","8.607","36.40M","-0.55%"
"11/05/2021","8.711","8.771","8.910","8.711","76.07M","-1.66%"
"10/05/2021","8.858","8.667","8.875","8.633","82.15M","3.54%"
"07/05/2021","8.555","8.646","8.719","8.351","91.38M","-0.30%"
"06/05/2021","8.581","8.433","8.737","8.429","160.34M","1.85%"
"05/05/2021","8.425","8.542","8.555","8.312","107.66M","-1.07%"
"04/05/2021","8.516","8.221","8.576","8.208","186.71M","3.64%"
"03/05/2021","8.217","8.247","8.282","8.165","65.52M","-0.41%"
"30/04/2021","8.251","8.364","8.420","8.199","125.05M","-1.15%"
"29/04/2021","8.347","8.212","8.368","8.208","78.35M","1.69%"
"28/04/2021","8.208","8.429","8.507","8.143","118.81M","-2.62%"
"27/04/2021","8.429","8.368","8.490","8.238","143.88M","0.67%"
"26/04/2021","8.373","7.809","8.403","7.809","173.70M","7.40%"
"22/04/2021","7.796","7.649","7.818","7.627","110.09M","0.84%"
"21/04/2021","7.731","7.870","7.952","7.489","150.16M","-2.14%"
"20/04/2021","7.900","7.870","7.996","7.744","173.33M","0.38%"
"19/04/2021","7.870","7.957","8.130","7.844","178.71M","-0.98%"
"16/04/2021","7.948","7.822","7.957","7.649","152.52M","1.71%"
"15/04/2021","7.814","7.606","7.965","7.571","194.57M","2.91%"
"14/04/2021","7.593","7.450","7.593","7.315","171.87M","2.52%"
"13/04/2021","7.406","7.124","7.640","7.124","244.88M","4.21%"
"12/04/2021","7.107","7.068","7.189","6.981","124.60M","0.55%"
"09/04/2021","7.068","6.864","7.124","6.834","178.63M","2.97%"
"08/04/2021","6.864","6.769","6.925","6.765","73.55M","1.34%"
"07/04/2021","6.773","6.678","6.804","6.630","74.24M","1.42%"
"06/04/2021","6.678","6.691","6.721","6.635","57.53M","-0.25%"
"05/04/2021","6.695","6.565","6.717","6.535","42.82M","1.98%"
"02/04/2021","6.565","6.652","6.682","6.544","35.48M","-0.79%"
"01/04/2021","6.617","6.630","6.739","6.604","49.96M","0.06%"
"31/03/2021","6.613","6.466","6.613","6.414","86.88M","2.48%"
"30/03/2021","6.453","6.353","6.457","6.162","93.10M","1.93%"
"29/03/2021","6.331","6.032","6.422","6.032","93.30M","5.87%"
"26/03/2021","5.980","6.028","6.097","5.868","94.75M","0.57%"
"25/03/2021","5.946","6.219","6.318","5.946","86.50M","-4.39%"
"24/03/2021","6.219","5.937","6.240","5.915","108.43M","5.91%"
"23/03/2021","5.872","5.186","6.044","5.048","284.27M","4.69%"
"22/03/2021","5.609","5.853","5.864","5.609","138.27M","-9.97%"
"19/03/2021","6.230","6.406","6.478","6.200","75.98M","-2.75%"
"18/03/2021","6.406","6.471","6.513","6.375","60.29M","-0.82%"
"17/03/2021","6.459","6.406","6.494","6.375","77.67M","0.83%"
"16/03/2021","6.406","6.406","6.452","6.383","43.81M","0.30%"
"15/03/2021","6.387","6.417","6.421","6.345","42.32M","-0.30%"
"12/03/2021","6.406","6.314","6.417","6.292","64.30M","1.46%"
"11/03/2021","6.314","6.414","6.455","6.257","61.32M","-1.44%"
"10/03/2021","6.406","6.253","6.463","6.242","89.20M","2.45%"
"09/03/2021","6.253","6.131","6.253","6.093","77.59M","2.49%"
"08/03/2021","6.101","6.067","6.208","6.032","90.20M","1.21%"
"05/03/2021","6.028","5.986","6.047","5.914","55.30M","0.32%"
"04/03/2021","6.009","5.910","6.055","5.861","74.77M","1.68%"
"03/03/2021","5.910","5.800","6.097","5.800","164.28M","2.64%"
"02/03/2021","5.758","5.765","5.781","5.670","48.32M","0.00%"
"01/03/2021","5.758","5.605","5.773","5.594","60.20M","3.51%"
"26/02/2021","5.563","5.578","5.685","5.521","75.70M","-1.82%"
"25/02/2021","5.666","5.613","5.689","5.559","67.09M","3.06%"
"24/02/2021","5.498","5.491","5.594","5.441","43.62M","-0.15%"
"23/02/2021","5.506","5.575","5.655","5.464","66.33M","-0.95%"
"22/02/2021","5.559","5.678","5.727","5.548","50.22M","-1.23%"
"19/02/2021","5.628","5.617","5.647","5.575","41.89M","0.34%"
"18/02/2021","5.609","5.636","5.708","5.609","43.17M","-0.07%"
"17/02/2021","5.613","5.613","5.685","5.571","52.25M","0.00%"
"16/02/2021","5.613","5.792","5.811","5.567","79.41M","-3.02%"
"15/02/2021","5.788","5.807","5.838","5.769","43.85M","0.47%"
"12/02/2021","5.761","5.868","5.895","5.727","82.29M","-1.25%"
"11/02/2021","5.834","5.777","5.872","5.750","90.56M","1.66%"
"10/02/2021","5.739","5.746","5.819","5.643","72.47M","0.47%"
"09/02/2021","5.712","5.708","5.761","5.678","51.33M","0.14%"
"08/02/2021","5.704","5.605","5.731","5.578","68.95M","2.46%"
"05/02/2021","5.567","5.681","5.750","5.563","50.43M","-1.35%"
"04/02/2021","5.643","5.590","5.716","5.590","67.51M","1.09%"
"03/02/2021","5.582","5.613","5.647","5.498","65.56M","0.13%"
"02/02/2021","5.575","5.495","5.659","5.495","56.89M","2.18%"
"01/02/2021","5.456","5.472","5.510","5.407","34.74M","-0.29%"
"29/01/2021","5.472","5.544","5.556","5.384","63.48M","-2.30%"
"28/01/2021","5.601","5.453","5.628","5.453","64.34M","1.30%"
"27/01/2021","5.529","5.727","5.750","5.525","58.82M","-3.34%"
"26/01/2021","5.720","5.601","5.784","5.578","64.64M","1.22%"
"25/01/2021","5.651","5.716","5.735","5.628","44.68M","-0.19%"
"22/01/2021","5.662","5.758","5.784","5.620","59.45M","-2.31%"
"21/01/2021","5.796","6.044","6.063","5.773","83.06M","-3.17%"
"20/01/2021","5.986","6.002","6.013","5.826","71.55M","0.18%"
"19/01/2021","5.975","6.124","6.208","5.960","100.77M","-1.76%"
"18/01/2021","6.082","5.792","6.280","5.777","125.88M","5.01%"
"15/01/2021","5.792","5.739","5.899","5.712","77.22M","0.33%"
"14/01/2021","5.773","5.887","5.925","5.761","48.60M","-1.30%"
"13/01/2021","5.849","5.815","5.876","5.777","62.59M","1.46%"
"12/01/2021","5.765","5.674","5.815","5.601","73.40M","2.16%"
"11/01/2021","5.643","5.693","5.773","5.613","43.29M","-1.40%"
"08/01/2021","5.723","5.708","5.750","5.643","82.72M","2.53%"
"07/01/2021","5.582","5.605","5.609","5.445","101.09M","-0.07%"
"06/01/2021","5.586","5.617","5.697","5.559","55.99M","0.54%"
"05/01/2021","5.556","5.647","5.754","5.483","65.77M","-1.54%"
"04/01/2021","5.643","5.700","5.758","5.437","52.32M","-0.88%"
"31/12/2020","5.693","5.803","5.838","5.655","65.80M","-1.84%"
"30/12/2020","5.800","5.727","5.941","5.689","93.78M","1.88%"
"29/12/2020","5.693","5.430","5.693","5.388","53.53M","5.13%"
"28/12/2020","5.415","5.460","5.487","5.392","31.88M","0.00%"
"25/12/2020","5.415","5.498","5.502","5.415","22.93M","-0.55%"
"24/12/2020","5.445","5.445","5.514","5.361","50.31M","0.42%"
"23/12/2020","5.422","5.430","5.430","5.331","34.58M","0.13%"
"22/12/2020","5.415","5.205","5.479","5.205","111.34M","5.99%"
"21/12/2020","5.109","5.300","5.300","5.094","58.24M","-3.82%"
"18/12/2020","5.312","5.415","5.430","5.289","47.51M","-2.85%"
"17/12/2020","5.468","5.521","5.575","5.434","49.94M","0.00%"
"16/12/2020","5.468","5.495","5.613","5.437","71.52M","0.57%"
"15/12/2020","5.437","5.449","5.495","5.334","71.61M","-0.15%"
"14/12/2020","5.445","5.521","5.563","5.392","91.20M","-0.42%"
"11/12/2020","5.468","5.136","5.624","5.117","183.84M","6.86%"
"10/12/2020","5.117","5.186","5.235","5.094","84.91M","-0.89%"
"09/12/2020","5.163","5.079","5.434","5.075","423.03M","0.66%"
"08/12/2020","5.129","4.713","5.129","4.713","179.36M","9.99%"
"07/12/2020","4.663","4.431","4.690","4.419","97.88M","5.24%"
"04/12/2020","4.431","4.423","4.488","4.419","47.08M","0.00%"
"03/12/2020","4.431","4.435","4.488","4.408","46.11M","0.18%"
"02/12/2020","4.423","4.313","4.473","4.313","73.91M","2.65%"
"01/12/2020","4.309","4.274","4.328","4.183","52.83M","2.74%"
"30/11/2020","4.194","4.431","4.476","4.194","90.27M","-6.86%"
"27/11/2020","4.503","4.522","4.614","4.492","49.99M","-0.42%"
"26/11/2020","4.522","4.480","4.541","4.438","40.21M","1.37%"
"25/11/2020","4.461","4.435","4.515","4.423","51.93M","1.64%"
"24/11/2020","4.389","4.393","4.412","4.293","37.03M","0.62%"
"23/11/2020","4.362","4.339","4.404","4.240","41.84M","0.69%"
"20/11/2020","4.332","4.381","4.454","4.301","55.51M","-0.78%"
"19/11/2020","4.366","4.499","4.690","4.343","175.88M","-4.25%"
"18/11/2020","4.560","4.137","4.568","4.137","115.87M","9.72%"
"17/11/2020","4.156","4.130","4.259","4.110","41.27M","0.10%"
"16/11/2020","4.152","4.252","4.324","4.149","34.96M","-1.89%"
"13/11/2020","4.232","4.290","4.301","4.137","42.03M","-1.35%"
"12/11/2020","4.290","4.404","4.408","4.221","59.42M","-3.01%"
"11/11/2020","4.423","4.415","4.560","4.324","80.91M","0.25%"
"10/11/2020","4.412","4.297","4.484","4.206","81.37M","2.22%"
"09/11/2020","4.316","4.137","4.316","4.099","72.85M","6.88%"
"06/11/2020","4.038","3.855","4.038","3.855","52.95M","4.13%"
"05/11/2020","3.878","3.958","3.962","3.840","28.96M","-1.82%"
"04/11/2020","3.950","3.844","3.969","3.836","73.78M","2.97%"
"03/11/2020","3.836","3.760","3.889","3.680","48.01M","1.62%"
"02/11/2020","3.775","3.641","3.828","3.619","77.01M","3.88%"
"30/10/2020","3.634","3.470","3.641","3.455","56.13M","2.60%"
"28/10/2020","3.542","3.680","3.691","3.538","21.42M","-3.93%"
"27/10/2020","3.687","3.786","3.840","3.653","52.35M","-3.88%"
"26/10/2020","3.836","3.809","3.889","3.756","73.66M","-0.21%"
"23/10/2020","3.844","3.744","3.847","3.733","81.57M","3.84%"
"22/10/2020","3.702","3.748","3.813","3.702","70.06M","-1.83%"
"21/10/2020","3.771","3.718","3.794","3.676","69.25M","1.64%"
"20/10/2020","3.710","3.664","3.718","3.626","26.03M","1.26%"
"19/10/2020","3.664","3.695","3.714","3.664","24.44M","-1.03%"
"16/10/2020","3.702","3.699","3.718","3.676","21.12M","0.19%"
"15/10/2020","3.695","3.737","3.744","3.672","20.76M","-1.31%"
"14/10/2020","3.744","3.668","3.744","3.653","27.52M","1.74%"
"13/10/2020","3.680","3.680","3.687","3.645","16.61M","-0.30%"
"12/10/2020","3.691","3.702","3.729","3.691","25.54M","-0.22%"
"09/10/2020","3.699","3.641","3.706","3.641","24.23M","1.48%"
"08/10/2020","3.645","3.661","3.699","3.607","37.89M","-0.33%"
"07/10/2020","3.657","3.668","3.676","3.630","22.36M","-0.52%"
"06/10/2020","3.676","3.725","3.737","3.672","36.11M","-0.62%"
"05/10/2020","3.699","3.683","3.710","3.657","27.85M","0.74%"
"02/10/2020","3.672","3.603","3.676","3.603","32.28M","1.16%"
"01/10/2020","3.630","3.626","3.683","3.615","50.48M","0.64%"
"30/09/2020","3.607","3.573","3.626","3.573","67.50M","1.49%"
"29/09/2020","3.554","3.504","3.565","3.504","54.54M","1.54%"
"28/09/2020","3.500","3.485","3.531","3.462","36.72M","0.43%"
"25/09/2020","3.485","3.550","3.577","3.485","61.02M","-1.19%"
"24/09/2020","3.527","3.455","3.546","3.455","31.74M","1.64%"
"23/09/2020","3.470","3.535","3.550","3.470","31.56M","-1.50%"
"22/09/2020","3.523","3.455","3.542","3.447","34.46M","1.97%"
"21/09/2020","3.455","3.516","3.531","3.451","26.81M","-1.73%"
"18/09/2020","3.516","3.535","3.542","3.504","31.29M","-0.96%"
"17/09/2020","3.550","3.458","3.558","3.451","65.26M","2.31%"
"16/09/2020","3.470","3.500","3.508","3.466","29.83M","-0.86%"
"15/09/2020","3.500","3.493","3.504","3.451","51.69M","0.32%"
"14/09/2020","3.489","3.500","3.527","3.485","35.59M","0.00%"
"11/09/2020","3.489","3.439","3.504","3.436","60.58M","1.45%"
"10/09/2020","3.439","3.451","3.470","3.424","47.71M","-0.12%"
"09/09/2020","3.443","3.409","3.451","3.405","57.75M","1.12%"
"08/09/2020","3.405","3.451","3.451","3.375","50.67M","-0.12%"
"07/09/2020","3.409","3.348","3.413","3.340","28.62M","1.82%"
"04/09/2020","3.348","3.306","3.371","3.298","32.34M","0.57%"
"03/09/2020","3.329","3.310","3.359","3.310","49.37M","0.70%"
"02/09/2020","3.306","3.260","3.306","3.256","54.43M","0.95%"
"01/09/2020","3.275","3.325","3.329","3.203","78.74M","-1.50%"
"31/08/2020","3.325","3.401","3.416","3.325","61.23M","-1.80%"
"28/08/2020","3.386","3.386","3.420","3.340","33.38M","0.33%"
"27/08/2020","3.375","3.363","3.386","3.344","41.15M","1.05%"
"26/08/2020","3.340","3.333","3.378","3.314","44.97M","-0.12%"
"25/08/2020","3.344","3.424","3.462","3.325","52.16M","-2.11%"
"24/08/2020","3.416","3.416","3.455","3.401","53.61M","0.21%"
"21/08/2020","3.409","3.447","3.462","3.329","81.72M","-0.67%"
"20/08/2020","3.432","3.355","3.443","3.298","75.01M","1.81%"
"19/08/2020","3.371","3.275","3.371","3.264","73.79M","3.15%"
"18/08/2020","3.268","3.245","3.279","3.233","42.69M","0.37%"
"17/08/2020","3.256","3.268","3.279","3.237","46.50M","-0.25%"
"14/08/2020","3.264","3.291","3.298","3.249","38.90M","-1.03%"
"13/08/2020","3.298","3.283","3.321","3.237","72.30M","0.79%"
"12/08/2020","3.272","3.260","3.287","3.203","63.39M","0.58%"
"11/08/2020","3.253","3.222","3.272","3.214","72.41M","1.09%"
"10/08/2020","3.218","3.100","3.218","3.081","90.75M","3.17%"
"07/08/2020","3.119","3.043","3.150","2.970","155.40M","2.50%"
"06/08/2020","3.043","3.058","3.066","2.917","101.18M","-0.62%"
"05/08/2020","3.062","2.978","3.100","2.906","128.35M","3.48%"
"04/08/2020","2.959","2.955","3.012","2.825","107.98M","1.58%"
"30/07/2020","2.913","3.008","3.008","2.913","41.81M","-3.16%"
"29/07/2020","3.008","3.073","3.096","3.001","82.97M","-2.12%"
"28/07/2020","3.073","3.230","3.253","3.073","106.35M","-4.74%"
"27/07/2020","3.226","3.207","3.245","3.199","76.35M","1.07%"
"24/07/2020","3.192","3.169","3.195","3.150","49.78M","0.13%"
"23/07/2020","3.188","3.203","3.214","3.176","43.65M","0.25%"
"22/07/2020","3.180","3.222","3.230","3.176","78.26M","-0.84%"
"21/07/2020","3.207","3.287","3.306","3.195","93.57M","-2.08%"
"20/07/2020","3.275","3.317","3.329","3.275","55.91M","-1.27%"
"17/07/2020","3.317","3.336","3.367","3.310","78.30M","-0.57%"
"16/07/2020","3.336","3.385","3.400","3.322","123.47M","1.21%"
"14/07/2020","3.296","3.307","3.351","3.277","188.85M","-0.33%"
"13/07/2020","3.307","3.251","3.307","3.232","142.13M","3.51%"
"10/07/2020","3.195","3.225","3.236","3.162","131.15M","-0.93%"
"09/07/2020","3.225","3.232","3.299","3.210","230.21M","0.59%"
"08/07/2020","3.206","3.177","3.251","3.162","158.54M","1.17%"
"07/07/2020","3.169","3.218","3.221","3.158","94.97M","-1.40%"
"06/07/2020","3.214","3.218","3.232","3.195","70.06M","1.42%"
"03/07/2020","3.169","3.258","3.273","3.147","136.48M","-2.40%"
"02/07/2020","3.247","3.143","3.255","3.143","135.21M","4.04%"
"01/07/2020","3.121","3.210","3.221","3.117","117.39M","-2.10%"
"30/06/2020","3.188","3.169","3.203","3.165","114.89M","0.95%"
"29/06/2020","3.158","3.158","3.169","3.147","45.39M","0.22%"
"26/06/2020","3.151","3.169","3.184","3.147","62.53M","0.13%"
"25/06/2020","3.147","3.113","3.173","3.102","91.09M","1.19%"
"24/06/2020","3.110","3.139","3.169","3.106","90.24M","-0.92%"
"23/06/2020","3.139","3.165","3.184","3.132","75.42M","0.00%"
"22/06/2020","3.139","3.125","3.169","3.099","114.72M","1.55%"
"19/06/2020","3.091","3.125","3.128","3.061","117.39M","-0.26%"
"18/06/2020","3.099","3.069","3.154","3.054","139.50M","0.98%"
"17/06/2020","3.069","3.113","3.132","3.069","42.10M","-1.41%"
"16/06/2020","3.113","3.147","3.151","3.113","36.97M","0.23%"
"15/06/2020","3.106","3.139","3.139","3.087","54.19M","-1.65%"
"12/06/2020","3.158","3.158","3.184","3.147","32.37M","-0.94%"
"11/06/2020","3.188","3.169","3.255","3.169","53.83M","-0.47%"
"10/06/2020","3.203","3.206","3.236","3.184","52.63M","-0.09%"
"09/06/2020","3.206","3.251","3.266","3.188","39.03M","-0.93%"
"08/06/2020","3.236","3.225","3.303","3.210","67.85M","0.47%"
"05/06/2020","3.221","3.180","3.240","3.151","85.03M","1.87%"
"04/06/2020","3.162","3.143","3.218","3.128","86.28M","0.83%"
"03/06/2020","3.136","3.106","3.154","3.099","96.87M","2.18%"
"02/06/2020","3.069","3.032","3.087","3.024","89.60M","1.59%"
"01/06/2020","3.021","3.006","3.032","2.998","37.62M","1.00%"
"29/05/2020","2.991","3.006","3.024","2.991","41.63M","-0.73%"
"28/05/2020","3.013","3.043","3.091","3.009","90.97M","-0.50%"
"27/05/2020","3.028","3.035","3.047","3.002","65.43M","1.10%"
"22/05/2020","2.995","3.032","3.035","2.987","33.11M","-1.45%"
"21/05/2020","3.039","2.965","3.039","2.961","74.17M","2.63%"
"20/05/2020","2.961","2.972","2.987","2.957","23.03M","0.14%"
"18/05/2020","2.957","2.965","2.998","2.957","28.68M","0.61%"
"15/05/2020","2.939","2.987","2.995","2.939","21.78M","-1.11%"
"14/05/2020","2.972","3.009","3.028","2.939","41.82M","-1.85%"
"13/05/2020","3.028","2.976","3.047","2.969","40.91M","1.10%"
"12/05/2020","2.995","2.920","3.013","2.905","37.71M","1.91%"
"11/05/2020","2.939","3.009","3.017","2.935","23.49M","-1.74%"
"08/05/2020","2.991","2.987","3.017","2.957","35.15M","0.64%"
"07/05/2020","2.972","2.983","3.069","2.935","81.65M","0.00%"
"06/05/2020","2.972","2.879","3.009","2.879","80.94M","3.09%"
"05/05/2020","2.883","2.917","2.928","2.861","31.29M","-0.38%"
"04/05/2020","2.894","2.965","2.983","2.883","41.24M","-3.73%"
"30/04/2020","3.006","2.987","3.028","2.961","52.08M","-1.09%"
"29/04/2020","3.039","2.954","3.039","2.954","48.09M","3.26%"
"28/04/2020","2.943","3.006","3.013","2.943","22.90M","-1.83%"
"27/04/2020","2.998","2.980","3.032","2.976","38.00M","1.39%"
"24/04/2020","2.957","2.998","3.021","2.946","38.26M","-1.73%"
"22/04/2020","3.009","3.035","3.039","2.991","34.98M","-1.12%"
"21/04/2020","3.043","3.073","3.076","3.017","34.72M","-1.81%"
"20/04/2020","3.099","3.084","3.113","3.043","44.01M","1.34%"
"17/04/2020","3.058","3.021","3.069","3.002","54.68M","2.89%"
"16/04/2020","2.972","2.972","3.028","2.957","71.64M","1.12%"
"15/04/2020","2.939","2.917","2.965","2.839","113.74M","1.03%"
"14/04/2020","2.909","2.842","2.913","2.842","67.05M","3.30%"
"13/04/2020","2.816","2.798","2.879","2.790","35.59M","-0.39%"
"10/04/2020","2.827","2.850","2.850","2.824","20.50M","-0.42%"
"09/04/2020","2.839","2.820","2.861","2.801","45.34M","1.61%"
"08/04/2020","2.794","2.857","2.879","2.783","35.92M","-2.34%"
"07/04/2020","2.861","2.943","2.980","2.857","43.49M","-1.65%"
"06/04/2020","2.909","2.865","2.920","2.846","26.65M","2.76%"
"03/04/2020","2.831","2.816","2.831","2.794","21.09M","-0.28%"
"02/04/2020","2.839","2.853","2.868","2.794","24.47M","0.00%"
"01/04/2020","2.839","2.731","2.865","2.731","51.93M","1.76%"
"31/03/2020","2.790","2.794","2.842","2.768","43.38M","0.54%"
"30/03/2020","2.775","2.701","2.827","2.642","40.31M","1.91%"
"27/03/2020","2.723","2.835","2.842","2.723","44.65M","-3.95%"
"26/03/2020","2.835","2.842","2.861","2.775","54.11M","-0.91%"
"25/03/2020","2.861","3.002","3.065","2.853","67.86M","-3.86%"
"24/03/2020","2.976","2.913","2.998","2.879","43.61M","5.68%"
"23/03/2020","2.816","2.783","2.868","2.727","40.59M","-3.56%"
"20/03/2020","2.920","2.902","2.946","2.757","55.13M","2.06%"
"19/03/2020","2.861","2.742","2.861","2.735","42.13M","2.40%"
"18/03/2020","2.794","2.649","2.827","2.608","69.37M","1.64%"
"17/03/2020","2.749","2.794","2.816","2.519","78.64M","-0.94%"
"16/03/2020","2.775","2.917","2.917","2.694","52.30M","-7.10%"
"13/03/2020","2.987","3.021","3.169","2.939","99.41M","-1.35%"
"12/03/2020","3.028","3.039","3.050","2.917","44.81M","-3.66%"
"11/03/2020","3.143","3.210","3.258","3.050","50.68M","-2.33%"
"10/03/2020","3.218","3.244","3.333","3.158","61.01M","1.55%"
"09/03/2020","3.169","3.232","3.247","3.039","55.50M","-4.17%"
"06/03/2020","3.307","3.277","3.411","3.251","102.87M","1.72%"
"05/03/2020","3.251","3.125","3.251","3.110","52.20M","5.42%"
"04/03/2020","3.084","3.158","3.192","3.084","33.68M","-2.47%"
"03/03/2020","3.162","3.117","3.165","3.099","30.19M","3.03%"
"02/03/2020","3.069","3.151","3.184","3.039","27.78M","0.13%"
"28/02/2020","3.065","2.720","3.151","2.720","33.12M","-3.53%"
"27/02/2020","3.177","3.258","3.299","3.173","50.75M","-4.13%"
"26/02/2020","3.314","3.210","3.336","3.177","68.62M","2.98%"
"25/02/2020","3.218","3.236","3.277","3.192","58.36M","-0.09%"
"24/02/2020","3.221","3.284","3.284","3.154","50.10M","-3.24%"
"21/02/2020","3.329","3.251","3.351","3.214","48.13M","1.80%"
"20/02/2020","3.270","3.255","3.292","3.199","58.83M","0.25%"
"19/02/2020","3.262","3.325","3.325","3.240","35.34M","-1.57%"
"18/02/2020","3.314","3.329","3.340","3.292","27.47M","-1.10%"
"17/02/2020","3.351","3.385","3.392","3.340","24.00M","-0.24%"
"14/02/2020","3.359","3.366","3.411","3.336","41.14M","0.00%"
"13/02/2020","3.359","3.381","3.403","3.359","30.67M","-0.77%"
"12/02/2020","3.385","3.366","3.448","3.333","86.98M","-1.28%"
"11/02/2020","3.429","3.403","3.455","3.359","55.67M","1.87%"
"10/02/2020","3.366","3.407","3.448","3.322","52.49M","-1.95%"
"07/02/2020","3.433","3.485","3.507","3.411","43.02M","-1.49%"
"06/02/2020","3.485","3.544","3.570","3.485","44.68M","-0.54%"
"05/02/2020","3.504","3.511","3.582","3.492","56.27M","0.34%"
"04/02/2020","3.492","3.444","3.492","3.418","39.92M","2.49%"
"03/02/2020","3.407","3.452","3.466","3.388","35.65M","-1.70%"
"31/01/2020","3.466","3.500","3.515","3.444","45.03M","-0.86%"
"30/01/2020","3.496","3.489","3.500","3.463","20.06M","-0.63%"
"29/01/2020","3.518","3.507","3.530","3.440","41.47M","1.15%"
"28/01/2020","3.478","3.515","3.526","3.455","39.18M","-0.51%"
"27/01/2020","3.496","3.515","3.544","3.485","34.41M","-2.18%"
"24/01/2020","3.574","3.637","3.645","3.544","35.87M","-1.13%"
"23/01/2020","3.615","3.596","3.648","3.589","37.46M","-0.19%"
"22/01/2020","3.622","3.675","3.701","3.585","52.49M","-1.12%"
"21/01/2020","3.663","3.615","3.675","3.582","50.25M","0.71%"
"20/01/2020","3.637","3.563","3.656","3.563","63.02M","3.03%"
"17/01/2020","3.530","3.478","3.530","3.433","53.65M","2.26%"
"16/01/2020","3.452","3.481","3.533","3.418","65.15M","-0.20%"
"15/01/2020","3.459","3.526","3.537","3.444","73.89M","-2.73%"
"14/01/2020","3.556","3.552","3.559","3.500","55.73M","0.23%"
"13/01/2020","3.548","3.466","3.574","3.459","74.84M","2.90%"
"10/01/2020","3.448","3.455","3.481","3.426","51.35M","0.00%"
"09/01/2020","3.448","3.388","3.459","3.381","63.77M","3.70%"
"08/01/2020","3.325","3.273","3.362","3.262","48.43M","0.21%"
"07/01/2020","3.318","3.325","3.385","3.310","43.58M","0.45%"
"06/01/2020","3.303","3.307","3.314","3.225","48.03M","-0.66%"
"03/01/2020","3.325","3.370","3.385","3.292","40.56M","-1.98%"
"02/01/2020","3.392","3.359","3.392","3.336","34.45M","0.98%"
"31/12/2019","3.359","3.362","3.396","3.355","27.59M","0.00%"
"30/12/2019","3.359","3.322","3.381","3.318","41.12M","1.24%"
"27/12/2019","3.318","3.277","3.336","3.277","34.42M","1.37%"
"26/12/2019","3.273","3.251","3.296","3.247","18.65M","0.46%"
"25/12/2019","3.258","3.270","3.273","3.251","8.50M","-0.37%"
"24/12/2019","3.270","3.277","3.292","3.262","18.39M","0.25%"
"23/12/2019","3.262","3.258","3.296","3.232","39.73M","0.22%"
"20/12/2019","3.255","3.192","3.255","3.184","44.69M","2.46%"
"19/12/2019","3.177","3.195","3.206","3.162","48.68M","0.00%"
"18/12/2019","3.177","3.195","3.251","3.169","65.95M","-1.15%"
"17/12/2019","3.214","3.221","3.247","3.195","33.16M","0.12%"
"16/12/2019","3.210","3.218","3.247","3.188","41.51M","-0.25%"
"13/12/2019","3.218","3.281","3.314","3.184","82.37M","0.25%"
"12/12/2019","3.210","3.099","3.225","3.099","54.60M","4.22%"
"11/12/2019","3.080","3.095","3.102","3.054","28.93M","-0.48%"
"10/12/2019","3.095","3.087","3.128","3.054","49.94M","0.26%"
"09/12/2019","3.087","3.039","3.110","3.028","77.10M","1.81%"
"06/12/2019","3.032","3.021","3.065","3.006","73.50M","0.76%"
"05/12/2019","3.009","3.054","3.065","3.009","65.51M","-0.86%"
"04/12/2019","3.035","3.013","3.058","2.980","68.70M","1.34%"
"03/12/2019","2.995","3.054","3.084","2.972","88.07M","-2.54%"
"02/12/2019","3.073","2.995","3.080","2.987","71.75M","3.12%"
"29/11/2019","2.980","2.917","2.998","2.917","96.09M","1.92%"
"28/11/2019","2.924","2.898","2.928","2.876","34.10M","1.04%"
"27/11/2019","2.894","2.935","2.957","2.868","52.40M","-1.40%"
"26/11/2019","2.935","2.883","2.950","2.876","110.49M","2.44%"
"25/11/2019","2.865","2.876","2.909","2.853","107.54M","1.06%"
"22/11/2019","2.835","2.783","2.835","2.775","60.28M","1.87%"
"21/11/2019","2.783","2.764","2.783","2.735","49.17M","0.14%"
"20/11/2019","2.779","2.813","2.824","2.779","60.04M","-1.84%"
"19/11/2019","2.831","2.809","2.842","2.775","53.26M","1.32%"
"18/11/2019","2.794","2.753","2.824","2.749","45.92M","2.16%"
"15/11/2019","2.735","2.709","2.742","2.675","63.35M","1.67%"
"14/11/2019","2.690","2.697","2.720","2.671","40.75M","-0.81%"
"13/11/2019","2.712","2.735","2.738","2.690","60.17M","-1.09%"
"12/11/2019","2.742","2.701","2.742","2.701","66.03M","1.78%"
"11/11/2019","2.694","2.682","2.720","2.630","56.84M","0.00%"
"08/11/2019","2.694","2.682","2.738","2.656","77.05M","0.56%"
"07/11/2019","2.679","2.586","2.697","2.582","73.07M","4.36%"
"06/11/2019","2.567","2.564","2.612","2.538","72.70M","0.27%"
"05/11/2019","2.560","2.486","2.571","2.478","90.67M","2.98%"
"04/11/2019","2.486","2.441","2.486","2.426","75.66M","2.94%"
"01/11/2019","2.415","2.437","2.448","2.400","90.03M","-0.62%"
"31/10/2019","2.430","2.456","2.478","2.430","84.08M","-0.61%"
"30/10/2019","2.445","2.408","2.463","2.404","70.71M","0.78%"
"28/10/2019","2.426","2.448","2.452","2.426","19.95M","-0.78%"
"25/10/2019","2.445","2.452","2.474","2.437","43.28M","-0.12%"
"24/10/2019","2.448","2.467","2.493","2.437","87.61M","-0.16%"
"23/10/2019","2.452","2.415","2.456","2.396","68.46M","2.17%"
"22/10/2019","2.400","2.419","2.422","2.385","54.19M","-0.62%"
"21/10/2019","2.415","2.452","2.460","2.415","52.71M","-1.35%"
"18/10/2019","2.448","2.541","2.556","2.441","117.63M","0.29%"
"17/10/2019","2.441","2.478","2.493","2.404","60.12M","-1.49%"
"16/10/2019","2.478","2.452","2.489","2.426","39.01M","0.16%"
"15/10/2019","2.474","2.456","2.515","2.448","46.31M","-0.16%"
"14/10/2019","2.478","2.564","2.597","2.422","76.86M","-3.35%"
"11/10/2019","2.564","2.500","2.590","2.489","74.54M","2.68%"
"10/10/2019","2.497","2.441","2.500","2.441","60.85M","2.59%"
"09/10/2019","2.434","2.467","2.489","2.434","38.41M","-1.18%"
"08/10/2019","2.463","2.441","2.474","2.422","38.15M","-0.16%"
"07/10/2019","2.467","2.471","2.519","2.445","59.99M","-0.60%"
"04/10/2019","2.482","2.463","2.486","2.445","26.91M","1.06%"
"03/10/2019","2.456","2.504","2.534","2.441","40.62M","-1.64%"
"02/10/2019","2.497","2.515","2.534","2.486","37.26M","-1.15%"
"01/10/2019","2.526","2.552","2.578","2.519","56.07M","-0.75%"
"30/09/2019","2.545","2.552","2.582","2.538","52.52M","0.28%"
"27/09/2019","2.538","2.474","2.545","2.471","66.62M","2.88%"
"26/09/2019","2.467","2.500","2.508","2.452","38.33M","-1.20%"
"25/09/2019","2.497","2.452","2.497","2.452","40.05M","1.05%"
"24/09/2019","2.471","2.500","2.519","2.471","83.82M","1.85%"
"23/09/2019","2.426","2.530","2.534","2.426","65.47M","-3.69%"
"20/09/2019","2.519","2.575","2.582","2.512","49.38M","-2.02%"
"19/09/2019","2.571","2.630","2.642","2.571","40.39M","-2.54%"
"18/09/2019","2.638","2.612","2.664","2.593","45.09M","1.15%"
"17/09/2019","2.608","2.604","2.630","2.578","37.47M","0.27%"
"16/09/2019","2.601","2.619","2.627","2.575","29.65M","-1.25%"
"13/09/2019","2.634","2.623","2.638","2.608","25.63M","0.42%"
"12/09/2019","2.623","2.582","2.653","2.582","60.69M","2.30%"
"11/09/2019","2.564","2.571","2.627","2.552","57.02M","0.00%"
"10/09/2019","2.564","2.545","2.571","2.541","43.35M","0.91%"
"09/09/2019","2.541","2.463","2.549","2.463","61.39M","4.10%"
"06/09/2019","2.441","2.471","2.493","2.437","46.05M","-1.05%"
"05/09/2019","2.467","2.430","2.489","2.430","86.55M","2.15%"
"04/09/2019","2.415","2.426","2.437","2.408","53.45M","0.29%"
"03/09/2019","2.408","2.393","2.430","2.382","75.22M","0.63%"
"02/09/2019","2.393","2.385","2.411","2.378","55.26M","0.46%"
"29/08/2019","2.382","2.359","2.411","2.352","47.37M","1.28%"
"28/08/2019","2.352","2.389","2.396","2.352","39.97M","-1.55%"
"27/08/2019","2.389","2.396","2.404","2.344","61.31M","0.00%"
"26/08/2019","2.389","2.330","2.400","2.330","34.14M","0.63%"
"23/08/2019","2.374","2.318","2.404","2.307","87.51M","2.90%"
"22/08/2019","2.307","2.278","2.318","2.259","61.72M","1.63%"
"21/08/2019","2.270","2.322","2.333","2.270","48.60M","-1.94%"
"20/08/2019","2.315","2.281","2.333","2.278","38.08M","1.62%"
"19/08/2019","2.278","2.318","2.356","2.274","42.90M","-1.26%"
"16/08/2019","2.307","2.374","2.389","2.307","42.43M","-2.37%"
"15/08/2019","2.363","2.445","2.452","2.363","61.34M","-5.48%"
"09/08/2019","2.500","2.512","2.552","2.497","35.22M","-0.32%"
"08/08/2019","2.508","2.519","2.556","2.486","48.60M","0.32%"
"07/08/2019","2.500","2.638","2.645","2.489","55.31M","-4.83%"
"06/08/2019","2.627","2.638","2.664","2.623","22.62M","-0.11%"
"05/08/2019","2.630","2.664","2.694","2.623","27.42M","-1.94%"
"02/08/2019","2.682","2.716","2.723","2.675","25.72M","-1.94%"
"01/08/2019","2.735","2.731","2.753","2.701","24.64M","-0.94%"
"31/07/2019","2.761","2.794","2.801","2.738","26.33M","-1.18%"
"30/07/2019","2.794","2.850","2.865","2.787","32.54M","-1.96%"
"29/07/2019","2.850","2.861","2.868","2.846","18.38M","-0.38%"
"26/07/2019","2.861","2.831","2.872","2.827","25.28M","0.53%"
"25/07/2019","2.846","2.879","2.887","2.820","28.83M","-0.91%"
"24/07/2019","2.872","2.850","2.891","2.842","33.36M","0.77%"
"23/07/2019","2.850","2.853","2.876","2.839","27.07M","0.00%"
"22/07/2019","2.850","2.868","2.902","2.831","30.83M","-0.63%"
"19/07/2019","2.868","2.805","2.905","2.805","82.92M","3.05%"
"18/07/2019","2.783","2.753","2.798","2.727","36.91M","0.69%"
"17/07/2019","2.764","2.753","2.783","2.735","21.65M","0.95%"
"16/07/2019","2.738","2.720","2.772","2.709","21.21M","2.09%"
"12/07/2019","2.682","2.783","2.805","2.664","33.77M","-3.49%"
"11/07/2019","2.779","2.701","2.787","2.694","43.39M","4.04%"
"10/07/2019","2.671","2.682","2.705","2.649","41.78M","-1.26%"
"09/07/2019","2.705","2.790","2.809","2.664","47.93M","-3.32%"
"08/07/2019","2.798","2.768","2.850","2.757","41.26M","-0.64%"
"05/07/2019","2.816","2.891","2.898","2.809","27.77M","-2.59%"
"04/07/2019","2.891","2.894","2.909","2.846","25.56M","0.00%"
"03/07/2019","2.891","2.928","2.946","2.891","25.26M","-1.26%"
"02/07/2019","2.928","2.961","2.969","2.917","27.21M","-0.98%"
"01/07/2019","2.957","2.957","2.998","2.939","55.67M","1.13%"
"28/06/2019","2.924","2.913","2.928","2.857","37.14M","0.52%"
"27/06/2019","2.909","2.865","2.924","2.853","38.76M","1.96%"
"26/06/2019","2.853","2.853","2.879","2.835","32.56M","0.25%"
"25/06/2019","2.846","2.827","2.868","2.801","28.06M","0.78%"
"24/06/2019","2.824","2.842","2.876","2.820","39.58M","0.53%"
"21/06/2019","2.809","2.787","2.809","2.753","26.83M","1.08%"
"20/06/2019","2.779","2.772","2.824","2.764","61.32M","1.09%"
"19/06/2019","2.749","2.764","2.801","2.723","51.40M","-0.69%"
"18/06/2019","2.768","2.735","2.779","2.712","84.43M","1.35%"
"17/06/2019","2.731","2.735","2.735","2.690","36.94M","-0.40%"
"14/06/2019","2.742","2.779","2.794","2.720","32.39M","-1.19%"
"13/06/2019","2.775","2.805","2.809","2.764","21.23M","-1.74%"
"12/06/2019","2.824","2.865","2.887","2.805","33.80M","-1.81%"
"11/06/2019","2.876","2.853","2.879","2.827","40.19M","1.30%"
"10/06/2019","2.839","2.783","2.857","2.775","45.94M","2.01%"
"07/06/2019","2.783","2.712","2.787","2.709","33.66M","2.73%"
"03/06/2019","2.709","2.694","2.712","2.686","11.03M","0.56%"
"31/05/2019","2.694","2.723","2.723","2.682","33.00M","-1.21%"
"30/05/2019","2.727","2.716","2.746","2.686","48.63M","1.22%"
"29/05/2019","2.694","2.675","2.731","2.660","44.97M","1.13%"
"28/05/2019","2.664","2.660","2.705","2.653","52.46M","0.72%"
"27/05/2019","2.645","2.712","2.720","2.638","21.32M","-2.22%"
"24/05/2019","2.705","2.712","2.738","2.690","29.49M","0.15%"
"23/05/2019","2.701","2.638","2.701","2.623","17.01M","2.39%"
"22/05/2019","2.638","2.697","2.720","2.638","30.61M","-2.08%"
"21/05/2019","2.694","2.757","2.768","2.649","28.63M","-2.43%"
"20/05/2019","2.761","2.787","2.794","2.742","15.11M","-0.65%"
"17/05/2019","2.779","2.879","2.928","2.757","46.66M","-1.70%"
"16/05/2019","2.827","2.824","2.872","2.813","25.61M","0.25%"
"15/05/2019","2.820","2.846","2.846","2.772","19.16M","-0.67%"
"14/05/2019","2.839","2.753","2.846","2.731","32.97M","3.27%"
"13/05/2019","2.749","2.801","2.809","2.686","33.21M","-1.75%"
"10/05/2019","2.798","2.761","2.831","2.761","36.97M","1.89%"
"09/05/2019","2.746","2.772","2.772","2.720","22.68M","-0.94%"
"08/05/2019","2.772","2.820","2.868","2.768","47.92M","-0.93%"
"07/05/2019","2.798","2.732","2.810","2.713","74.97M","0.36%"
"06/05/2019","2.788","2.817","2.826","2.757","29.13M","-1.55%"
"03/05/2019","2.832","2.835","2.864","2.791","19.92M","-0.35%"
"02/05/2019","2.842","2.873","2.911","2.829","25.78M","-1.18%"
"30/04/2019","2.876","2.838","2.904","2.832","30.93M","1.34%"
"29/04/2019","2.838","2.754","2.848","2.747","46.90M","3.77%"
"26/04/2019","2.735","2.788","2.810","2.722","32.03M","-1.48%"
"25/04/2019","2.776","2.851","2.860","2.751","36.54M","-2.63%"
"24/04/2019","2.851","2.898","2.904","2.851","33.89M","-1.62%"
"22/04/2019","2.898","2.908","2.923","2.882","6.22M","-0.45%"
"19/04/2019","2.911","2.901","2.926","2.901","9.56M","0.10%"
"18/04/2019","2.908","2.895","2.911","2.873","19.81M","0.45%"
"17/04/2019","2.895","2.901","2.942","2.895","30.35M","0.56%"
"16/04/2019","2.879","2.901","2.914","2.870","31.56M","-0.10%"
"15/04/2019","2.882","2.948","2.961","2.882","40.86M","-2.86%"
"12/04/2019","2.967","2.914","2.974","2.879","20.77M","1.40%"
"11/04/2019","2.926","2.992","2.999","2.923","19.68M","-2.30%"
"10/04/2019","2.995","3.049","3.068","2.983","32.41M","-1.25%"
"09/04/2019","3.033","2.967","3.058","2.964","33.21M","2.88%"
"08/04/2019","2.948","2.952","2.986","2.898","25.13M","0.00%"
"05/04/2019","2.948","2.983","3.005","2.914","43.59M","-0.74%"
"04/04/2019","2.970","2.845","2.970","2.845","46.62M","3.96%"
"03/04/2019","2.857","2.810","2.860","2.810","25.96M","2.70%"
"02/04/2019","2.782","2.820","2.886","2.782","58.45M","-1.77%"
"01/04/2019","2.832","2.876","2.904","2.820","46.70M","-1.12%"
"29/03/2019","2.864","2.879","2.911","2.810","40.23M","-0.42%"
"28/03/2019","2.876","2.776","2.939","2.757","72.98M","3.71%"
"27/03/2019","2.773","2.873","2.898","2.631","102.66M","-3.04%"
"26/03/2019","2.860","2.908","2.961","2.835","61.07M","-1.21%"
"25/03/2019","2.895","2.773","2.901","2.751","61.93M","4.78%"
"22/03/2019","2.763","2.857","2.864","2.744","40.85M","-3.09%"
"21/03/2019","2.851","2.911","2.933","2.804","49.57M","-1.52%"
"20/03/2019","2.895","2.970","2.992","2.892","36.89M","-2.33%"
"19/03/2019","2.964","2.964","3.052","2.955","61.30M","0.10%"
"18/03/2019","2.961","2.964","2.999","2.939","38.74M","0.10%"
"15/03/2019","2.958","2.886","2.958","2.870","64.48M","2.85%"
"14/03/2019","2.876","2.813","2.892","2.795","40.06M","2.46%"
"13/03/2019","2.807","2.817","2.845","2.776","29.53M","-0.35%"
"12/03/2019","2.817","2.826","2.848","2.763","37.87M","0.14%"
"11/03/2019","2.813","2.766","2.832","2.763","32.79M","2.03%"
"08/03/2019","2.757","2.801","2.813","2.713","29.80M","-1.36%"
"07/03/2019","2.795","2.823","2.860","2.795","31.71M","-0.99%"
"06/03/2019","2.823","2.795","2.873","2.795","40.60M","1.47%"
"05/03/2019","2.782","2.845","2.857","2.782","43.99M","-2.21%"
"04/03/2019","2.845","2.842","2.867","2.838","28.88M","0.57%"
"01/03/2019","2.829","2.948","2.958","2.810","57.83M","-3.32%"
"28/02/2019","2.926","2.964","3.002","2.917","50.76M","-1.28%"
"27/02/2019","2.964","2.952","2.995","2.911","37.17M","0.41%"
"26/02/2019","2.952","2.889","2.983","2.889","59.28M","3.43%"
"25/02/2019","2.854","2.939","2.992","2.854","53.00M","-1.72%"
"22/02/2019","2.904","2.788","2.908","2.773","61.27M","4.61%"
"21/02/2019","2.776","2.769","2.804","2.760","41.45M","0.47%"
"20/02/2019","2.763","2.842","2.845","2.763","44.62M","-2.78%"
"19/02/2019","2.842","2.785","2.848","2.757","81.09M","2.38%"
"18/02/2019","2.776","2.703","2.801","2.694","65.20M","2.93%"
"15/02/2019","2.697","2.729","2.744","2.650","56.55M","-0.81%"
"14/02/2019","2.719","2.672","2.722","2.600","61.15M","2.37%"
"13/02/2019","2.656","2.703","2.744","2.656","60.34M","-0.60%"
"12/02/2019","2.672","2.685","2.725","2.656","58.94M","0.00%"
"11/02/2019","2.672","2.638","2.681","2.616","48.03M","2.41%"
"08/02/2019","2.609","2.653","2.729","2.581","75.94M","-3.26%"
"07/02/2019","2.697","2.578","2.700","2.553","97.71M","4.74%"
"06/02/2019","2.575","2.609","2.612","2.468","54.68M","-0.73%"
"05/02/2019","2.594","2.619","2.641","2.565","26.11M","-0.12%"
"04/02/2019","2.597","2.600","2.656","2.590","26.14M","-0.12%"
"01/02/2019","2.600","2.663","2.685","2.594","38.81M","-2.48%"
"31/01/2019","2.666","2.700","2.719","2.650","57.41M","0.72%"
"30/01/2019","2.647","2.719","2.738","2.634","76.04M","-2.07%"
"29/01/2019","2.703","2.594","2.707","2.590","57.46M","4.61%"
"28/01/2019","2.584","2.669","2.744","2.581","63.08M","-2.86%"
"25/01/2019","2.660","2.703","2.725","2.641","49.02M","-0.45%"
"24/01/2019","2.672","2.644","2.678","2.612","53.57M","1.44%"
"23/01/2019","2.634","2.638","2.672","2.572","61.75M","-0.72%"
"22/01/2019","2.653","2.568","2.666","2.540","53.01M","3.31%"
"21/01/2019","2.568","2.496","2.625","2.490","78.03M","3.67%"
"18/01/2019","2.477","2.371","2.484","2.368","71.57M","6.04%"
"17/01/2019","2.336","2.324","2.358","2.311","45.63M","0.52%"
"16/01/2019","2.324","2.352","2.355","2.295","40.59M","-1.32%"
"15/01/2019","2.355","2.368","2.399","2.327","52.30M","0.00%"
"14/01/2019","2.355","2.292","2.355","2.261","36.09M","1.33%"
"11/01/2019","2.324","2.374","2.408","2.314","43.10M","-1.69%"
"10/01/2019","2.364","2.411","2.415","2.358","27.11M","-1.58%"
"09/01/2019","2.402","2.349","2.411","2.333","51.57M","2.96%"
"08/01/2019","2.333","2.305","2.333","2.267","36.45M","1.35%"
"07/01/2019","2.302","2.305","2.333","2.289","49.38M","0.57%"
"04/01/2019","2.289","2.242","2.289","2.214","44.20M","3.11%"
"03/01/2019","2.220","2.189","2.267","2.182","43.74M","1.00%"
"02/01/2019","2.198","2.258","2.289","2.198","22.96M","-3.04%"
"31/12/2018","2.267","2.236","2.283","2.217","19.79M","1.57%"
"28/12/2018","2.232","2.245","2.276","2.232","19.00M","0.00%"
"27/12/2018","2.232","2.314","2.320","2.232","20.15M","-2.23%"
"26/12/2018","2.283","2.308","2.314","2.270","9.92M","-0.65%"
"25/12/2018","2.298","2.317","2.320","2.289","10.49M","-1.37%"
"24/12/2018","2.330","2.342","2.371","2.327","17.85M","0.00%"
"21/12/2018","2.330","2.339","2.361","2.317","34.29M","-0.26%"
"20/12/2018","2.336","2.374","2.386","2.330","35.28M","-2.63%"
"19/12/2018","2.399","2.358","2.421","2.349","48.24M","2.13%"
"18/12/2018","2.349","2.342","2.355","2.317","31.12M","-0.38%"
"17/12/2018","2.358","2.371","2.389","2.333","15.46M","-0.42%"
"14/12/2018","2.368","2.421","2.421","2.324","37.15M","-2.83%"
"13/12/2018","2.437","2.327","2.437","2.302","90.20M","5.45%"
"12/12/2018","2.311","2.349","2.377","2.311","57.81M","-0.69%"
"11/12/2018","2.327","2.339","2.393","2.311","71.65M","-0.26%"
"10/12/2018","2.333","2.446","2.465","2.333","39.98M","-5.12%"
"07/12/2018","2.459","2.474","2.487","2.421","31.29M","0.41%"
"06/12/2018","2.449","2.540","2.568","2.437","52.27M","-5.22%"
"05/12/2018","2.584","2.474","2.612","2.446","43.82M","4.32%"
"04/12/2018","2.477","2.531","2.565","2.468","34.53M","-2.98%"
"03/12/2018","2.553","2.449","2.638","2.449","86.37M","7.13%"
"30/11/2018","2.383","2.368","2.437","2.361","56.68M","0.63%"
"29/11/2018","2.368","2.462","2.487","2.364","54.73M","-2.83%"
"28/11/2018","2.437","2.433","2.493","2.418","41.75M","0.54%"
"27/11/2018","2.424","2.518","2.531","2.424","34.59M","-3.85%"
"26/11/2018","2.521","2.565","2.575","2.512","20.50M","-1.37%"
"23/11/2018","2.556","2.578","2.594","2.540","15.32M","-0.97%"
"22/11/2018","2.581","2.612","2.653","2.572","29.27M","-1.07%"
"21/11/2018","2.609","2.600","2.638","2.540","38.82M","0.97%"
"20/11/2018","2.584","2.751","2.757","2.578","48.76M","-6.07%"
"19/11/2018","2.751","2.779","2.838","2.741","32.59M","-1.01%"
"16/11/2018","2.779","2.782","2.810","2.744","24.05M","0.36%"
"15/11/2018","2.769","2.848","2.848","2.769","30.34M","-2.33%"
"14/11/2018","2.835","2.763","2.879","2.744","30.65M","2.61%"
"13/11/2018","2.763","2.725","2.838","2.725","28.17M","1.39%"
"12/11/2018","2.725","2.857","2.860","2.725","21.52M","-4.62%"
"09/11/2018","2.857","2.829","2.857","2.763","19.88M","1.10%"
"08/11/2018","2.826","2.870","2.892","2.763","25.58M","-1.64%"
"07/11/2018","2.873","2.923","2.952","2.870","24.40M","-1.71%"
"06/11/2018","2.923","2.986","3.005","2.898","26.06M","-1.71%"
"05/11/2018","2.974","2.942","2.974","2.876","29.47M","1.09%"
"02/11/2018","2.942","2.817","2.992","2.807","50.38M","6.09%"
"01/11/2018","2.773","2.826","2.879","2.751","35.91M","-2.53%"
"31/10/2018","2.845","2.741","2.867","2.725","56.83M","3.79%"
"30/10/2018","2.741","2.842","2.851","2.710","42.95M","-2.90%"
"26/10/2018","2.823","3.002","3.014","2.823","31.99M","-5.96%"
"25/10/2018","3.002","2.930","3.033","2.851","34.04M","2.25%"
"24/10/2018","2.936","3.093","3.105","2.911","31.82M","-5.08%"
"23/10/2018","3.093","3.055","3.134","3.049","31.30M","0.00%"
"22/10/2018","3.093","3.218","3.231","3.093","35.44M","-3.52%"
"19/10/2018","3.206","3.234","3.256","3.193","28.71M","-0.87%"
"18/10/2018","3.234","3.313","3.360","3.234","30.44M","-2.65%"
"17/10/2018","3.322","3.445","3.454","3.275","46.05M","-2.84%"
"16/10/2018","3.419","3.451","3.482","3.404","34.12M","-0.93%"
"15/10/2018","3.451","3.441","3.501","3.391","26.83M","0.38%"
"12/10/2018","3.438","3.375","3.476","3.303","30.66M","2.81%"
"11/10/2018","3.344","3.372","3.423","3.313","29.67M","-1.04%"
"10/10/2018","3.379","3.520","3.548","3.372","27.27M","-3.73%"
"09/10/2018","3.510","3.463","3.517","3.435","24.50M","1.36%"
"08/10/2018","3.463","3.463","3.482","3.419","26.19M","-1.00%"
"05/10/2018","3.498","3.460","3.498","3.388","28.82M","0.63%"
"04/10/2018","3.476","3.441","3.492","3.350","26.31M","0.81%"
"03/10/2018","3.448","3.495","3.517","3.435","16.93M","-1.68%"
"02/10/2018","3.507","3.470","3.514","3.457","24.33M","1.36%"
"01/10/2018","3.460","3.473","3.548","3.457","21.77M","-0.09%"
"28/09/2018","3.463","3.523","3.529","3.445","34.50M","-1.95%"
"27/09/2018","3.532","3.445","3.564","3.407","36.38M","2.64%"
"26/09/2018","3.441","3.532","3.539","3.416","25.73M","-2.33%"
"25/09/2018","3.523","3.580","3.586","3.501","26.52M","-0.98%"
"24/09/2018","3.558","3.589","3.605","3.510","25.55M","-0.61%"
"21/09/2018","3.580","3.488","3.592","3.488","38.64M","2.73%"
"20/09/2018","3.485","3.532","3.564","3.460","32.39M","-0.37%"
"19/09/2018","3.498","3.479","3.526","3.479","20.53M","1.19%"
"18/09/2018","3.457","3.501","3.542","3.457","24.83M","-0.72%"
"17/09/2018","3.482","3.451","3.520","3.432","17.12M","0.81%"
"14/09/2018","3.454","3.567","3.576","3.454","35.84M","-2.48%"
"13/09/2018","3.542","3.551","3.592","3.460","36.01M","0.45%"
"12/09/2018","3.526","3.548","3.611","3.526","30.39M","-0.37%"
"11/09/2018","3.539","3.532","3.564","3.504","20.64M","0.20%"
"10/09/2018","3.532","3.558","3.586","3.523","18.41M","-0.62%"
"07/09/2018","3.554","3.561","3.636","3.542","31.37M","0.51%"
"06/09/2018","3.536","3.611","3.639","3.536","23.77M","-1.23%"
"05/09/2018","3.580","3.652","3.683","3.567","31.86M","-1.97%"
"04/09/2018","3.652","3.799","3.806","3.636","28.16M","-3.56%"
"03/09/2018","3.787","3.677","3.824","3.664","29.77M","1.86%"
"31/08/2018","3.718","3.636","3.718","3.592","37.83M","2.71%"
"29/08/2018","3.620","3.743","3.749","3.598","29.34M","-3.67%"
"28/08/2018","3.758","3.614","3.787","3.536","41.74M","3.53%"
"27/08/2018","3.630","3.580","3.630","3.507","43.05M","3.30%"
"20/08/2018","3.514","3.542","3.583","3.460","13.70M","-1.24%"
"17/08/2018","3.558","3.259","3.558","3.203","58.91M","8.64%"
"16/08/2018","3.275","3.645","3.645","3.262","53.44M","-8.19%"
"15/08/2018","3.567","3.583","3.693","3.507","52.37M","1.25%"
"14/08/2018","3.523","3.611","3.721","3.454","50.86M","-1.23%"
"13/08/2018","3.567","3.702","3.824","3.485","79.63M","-3.98%"
"10/08/2018","3.715","3.611","3.906","3.247","77.14M","-3.10%"
"09/08/2018","3.834","3.749","3.890","3.702","32.36M","0.74%"
"08/08/2018","3.806","3.796","3.837","3.762","23.92M","0.18%"
"07/08/2018","3.799","3.689","3.799","3.661","25.43M","3.23%"
"06/08/2018","3.680","3.689","3.733","3.652","21.25M","-1.10%"
"03/08/2018","3.721","3.771","3.802","3.664","32.31M","-1.56%"
"02/08/2018","3.780","3.611","3.787","3.573","47.43M","3.08%"
"01/08/2018","3.667","3.476","3.667","3.473","56.83M","5.80%"
"31/07/2018","3.466","3.432","3.495","3.426","36.89M","0.35%"
"30/07/2018","3.454","3.410","3.466","3.401","19.36M","0.38%"
"27/07/2018","3.441","3.407","3.454","3.382","22.85M","0.82%"
"26/07/2018","3.413","3.460","3.463","3.335","40.85M","-0.93%"
"25/07/2018","3.445","3.375","3.457","3.357","36.82M","1.86%"
"24/07/2018","3.382","3.523","3.548","3.382","33.21M","-4.17%"
"23/07/2018","3.529","3.517","3.580","3.517","20.30M","0.00%"
"20/07/2018","3.529","3.529","3.554","3.463","18.40M","-0.28%"
"19/07/2018","3.539","3.470","3.580","3.410","49.74M","2.11%"
"18/07/2018","3.466","3.313","3.498","3.303","41.78M","4.24%"
"17/07/2018","3.325","3.181","3.325","3.171","31.87M","4.43%"
"16/07/2018","3.184","3.171","3.222","3.121","26.53M","1.30%"
"13/07/2018","3.143","3.203","3.222","3.071","33.56M","-1.47%"
"12/07/2018","3.190","3.407","3.435","3.121","56.39M","-6.37%"
"11/07/2018","3.407","3.419","3.473","3.325","35.43M","-0.82%"
"10/07/2018","3.435","3.297","3.435","3.288","36.63M","2.81%"
"09/07/2018","3.341","3.379","3.416","3.303","22.94M","0.00%"
"06/07/2018","3.341","3.391","3.404","3.309","22.57M","-1.01%"
"05/07/2018","3.375","3.300","3.401","3.300","24.17M","2.55%"
"04/07/2018","3.291","3.338","3.341","3.275","19.33M","-0.75%"
"03/07/2018","3.316","3.215","3.375","3.200","44.23M","3.14%"
"02/07/2018","3.215","3.187","3.222","3.156","26.02M","0.37%"
"29/06/2018","3.203","3.222","3.250","3.196","24.51M","0.00%"
"28/06/2018","3.203","3.234","3.272","3.203","24.09M","-0.96%"
"27/06/2018","3.234","3.281","3.328","3.231","26.71M","-1.34%"
"26/06/2018","3.278","3.240","3.288","3.196","19.98M","1.74%"
"25/06/2018","3.222","3.375","3.407","3.187","21.67M","-2.45%"
"22/06/2018","3.303","3.297","3.350","3.259","21.46M","0.58%"
"21/06/2018","3.284","3.288","3.297","3.215","26.79M","-0.12%"
"20/06/2018","3.288","3.407","3.407","3.275","28.46M","-3.83%"
"19/06/2018","3.419","3.218","3.438","3.203","27.45M","5.62%"
"18/06/2018","3.237","3.319","3.319","3.196","21.71M","-2.56%"
"14/06/2018","3.322","3.281","3.391","3.196","21.70M","0.94%"
"13/06/2018","3.291","3.313","3.379","3.262","29.90M","-1.20%"
"12/06/2018","3.331","3.331","3.382","3.272","26.37M","-0.66%"
"11/06/2018","3.353","3.240","3.382","3.146","37.46M","3.49%"
"08/06/2018","3.240","3.473","3.473","3.218","26.16M","-7.11%"
"07/06/2018","3.488","3.451","3.539","3.426","19.82M","0.98%"
"06/06/2018","3.454","3.539","3.554","3.394","27.36M","-1.96%"
"05/06/2018","3.523","3.567","3.586","3.514","20.82M","-0.70%"
"04/06/2018","3.548","3.558","3.608","3.517","22.08M","0.08%"
"01/06/2018","3.545","3.529","3.677","3.426","36.34M","0.54%"
"31/05/2018","3.526","3.664","3.683","3.309","48.09M","-3.26%"
"30/05/2018","3.645","3.711","3.762","3.620","30.41M","-2.28%"
"29/05/2018","3.730","3.611","3.737","3.589","26.65M","3.04%"
"28/05/2018","3.620","3.512","3.644","3.492","25.76M","3.61%"
"25/05/2018","3.494","3.336","3.497","3.325","27.17M","5.56%"
"24/05/2018","3.310","3.430","3.465","3.295","20.51M","-1.84%"
"23/05/2018","3.372","3.439","3.477","3.339","25.36M","-3.02%"
"22/05/2018","3.477","3.418","3.503","3.363","18.73M","1.88%"
"21/05/2018","3.413","3.366","3.448","3.345","15.71M","1.58%"
"18/05/2018","3.360","3.383","3.474","3.339","18.19M","-0.68%"
"17/05/2018","3.383","3.413","3.454","3.354","19.76M","-0.88%"
"16/05/2018","3.413","3.307","3.430","3.293","28.08M","3.39%"
"15/05/2018","3.301","3.211","3.316","3.196","33.83M","1.69%"
"14/05/2018","3.246","3.158","3.269","3.140","19.39M","3.47%"
"11/05/2018","3.137","3.096","3.219","3.094","32.55M","1.39%"
"10/05/2018","3.094","3.105","3.123","3.003","22.16M","0.39%"
"09/05/2018","3.082","2.985","3.096","2.944","30.12M","2.15%"
"08/05/2018","3.017","2.909","3.047","2.897","46.55M","4.32%"
"07/05/2018","2.892","3.055","3.073","2.892","27.48M","-5.98%"
"04/05/2018","3.076","3.126","3.181","3.035","34.02M","-1.69%"
"03/05/2018","3.129","3.146","3.228","3.073","37.29M","-0.54%"
"02/05/2018","3.146","2.997","3.146","2.991","33.38M","5.78%"
"30/04/2018","2.974","3.129","3.132","2.950","29.74M","-4.50%"
"27/04/2018","3.114","3.214","3.214","3.111","23.85M","-4.16%"
"26/04/2018","3.249","3.237","3.254","3.181","22.27M","0.65%"
"25/04/2018","3.228","3.310","3.328","3.173","25.87M","-2.39%"
"24/04/2018","3.307","3.342","3.342","3.249","24.06M","-0.87%"
"20/04/2018","3.336","3.275","3.342","3.254","21.33M","1.49%"
"19/04/2018","3.287","3.222","3.316","3.199","28.40M","2.11%"
"18/04/2018","3.219","3.111","3.219","3.061","34.60M","3.47%"
"17/04/2018","3.111","3.184","3.205","3.082","32.41M","-1.49%"
"16/04/2018","3.158","3.173","3.181","3.137","13.88M","-0.38%"
"13/04/2018","3.170","3.137","3.181","3.114","25.05M","1.21%"
"12/04/2018","3.132","3.044","3.135","3.017","28.85M","2.52%"
"11/04/2018","3.055","2.979","3.061","2.877","31.72M","1.83%"
"10/04/2018","3.000","3.055","3.055","2.971","25.63M","-1.45%"
"09/04/2018","3.044","3.132","3.140","3.032","20.70M","-2.34%"
"06/04/2018","3.117","3.129","3.149","3.099","14.27M","-0.73%"
"05/04/2018","3.140","3.105","3.146","3.064","23.01M","1.42%"
"04/04/2018","3.096","3.117","3.120","3.053","21.11M","-0.19%"
"03/04/2018","3.102","3.035","3.120","3.035","24.08M","2.41%"
"02/04/2018","3.029","3.076","3.088","3.029","6.85M","-1.24%"
"30/03/2018","3.067","3.058","3.094","3.053","12.07M","0.76%"
"29/03/2018","3.044","3.044","3.064","3.035","22.82M","0.69%"
"28/03/2018","3.023","3.108","3.132","3.015","22.94M","-3.20%"
"27/03/2018","3.123","3.143","3.155","3.094","21.21M","0.58%"
"26/03/2018","3.105","3.184","3.190","3.091","22.91M","-1.96%"
"23/03/2018","3.167","3.202","3.205","3.126","46.19M","-2.43%"
"22/03/2018","3.246","3.252","3.269","3.240","26.31M","-0.18%"
"21/03/2018","3.252","3.214","3.257","3.208","25.35M","1.47%"
"20/03/2018","3.205","3.164","3.211","3.135","18.23M","1.78%"
"19/03/2018","3.149","3.205","3.211","3.135","12.59M","-1.75%"
"16/03/2018","3.205","3.243","3.260","3.199","21.75M","-0.99%"
"15/03/2018","3.237","3.196","3.249","3.167","23.15M","1.47%"
"14/03/2018","3.190","3.193","3.225","3.167","13.24M","0.00%"
"13/03/2018","3.190","3.187","3.228","3.164","16.00M","0.47%"
"12/03/2018","3.175","3.196","3.263","3.164","15.85M","-0.09%"
"09/03/2018","3.178","3.108","3.187","3.088","15.50M","2.25%"
"08/03/2018","3.108","3.073","3.114","3.070","17.46M","1.24%"
"07/03/2018","3.070","3.120","3.137","3.058","20.71M","-2.32%"
"06/03/2018","3.143","3.184","3.214","3.094","19.06M","-0.38%"
"05/03/2018","3.155","3.126","3.208","3.088","18.25M","0.93%"
"02/03/2018","3.126","3.216","3.219","3.096","35.36M","-3.79%"
"01/03/2018","3.249","3.310","3.325","3.243","28.85M","-2.29%"
"28/02/2018","3.325","3.190","3.345","3.164","50.40M","4.23%"
"27/02/2018","3.190","3.155","3.231","3.155","25.11M","1.21%"
"26/02/2018","3.152","3.170","3.187","3.091","23.01M","0.00%"
"23/02/2018","3.152","3.067","3.170","3.061","31.22M","3.24%"
"22/02/2018","3.053","3.058","3.070","3.006","21.45M","-0.65%"
"21/02/2018","3.073","3.015","3.073","3.000","23.71M","2.84%"
"20/02/2018","2.988","3.006","3.076","2.974","22.24M","-0.20%"
"19/02/2018","2.994","3.038","3.055","2.950","14.85M","-1.16%"
"16/02/2018","3.029","3.038","3.050","2.997","20.99M","0.56%"
"15/02/2018","3.012","2.944","3.020","2.941","33.99M","3.22%"
"14/02/2018","2.918","2.924","2.956","2.903","25.21M","0.62%"
"13/02/2018","2.900","2.839","2.903","2.824","33.94M","2.69%"
"12/02/2018","2.824","2.856","2.877","2.824","19.79M","-0.42%"
"09/02/2018","2.836","2.786","2.877","2.766","20.85M","0.64%"
"08/02/2018","2.818","2.868","2.871","2.786","22.65M","-1.16%"
"07/02/2018","2.851","2.903","2.909","2.851","30.49M","-1.21%"
"06/02/2018","2.886","2.795","2.903","2.772","28.58M","0.63%"
"05/02/2018","2.868","2.924","2.933","2.848","35.50M","-2.38%"
"02/02/2018","2.938","3.009","3.023","2.915","48.04M","-1.97%"
"01/02/2018","2.997","2.938","3.000","2.935","67.05M","2.92%"
"31/01/2018","2.912","2.915","2.935","2.909","26.68M","0.21%"
"30/01/2018","2.906","2.918","2.947","2.900","20.49M","-0.82%"
"29/01/2018","2.930","2.965","2.968","2.912","30.75M","-0.58%"
"26/01/2018","2.947","2.924","2.956","2.924","21.04M","0.99%"
"25/01/2018","2.918","2.947","2.959","2.915","20.98M","-0.98%"
"24/01/2018","2.947","2.935","2.979","2.935","22.31M","0.41%"
"23/01/2018","2.935","2.982","2.991","2.933","31.25M","-1.11%"
"22/01/2018","2.968","2.903","2.971","2.903","24.57M","2.52%"
"19/01/2018","2.895","2.935","2.971","2.889","19.65M","-1.56%"
"18/01/2018","2.941","2.976","2.985","2.930","26.55M","-1.11%"
"17/01/2018","2.974","2.930","2.974","2.892","27.44M","1.61%"
"16/01/2018","2.927","2.854","2.938","2.845","25.37M","2.06%"
"15/01/2018","2.868","2.924","2.974","2.862","33.26M","-2.02%"
"12/01/2018","2.927","2.877","2.947","2.859","45.01M","2.06%"
"11/01/2018","2.868","2.874","2.883","2.813","37.61M","1.02%"
"10/01/2018","2.839","2.897","2.906","2.833","32.58M","-2.10%"
"09/01/2018","2.900","2.915","2.938","2.859","25.34M","-0.41%"
"08/01/2018","2.912","2.985","2.994","2.912","23.89M","-1.59%"
"05/01/2018","2.959","2.947","2.974","2.935","21.23M","1.09%"
"04/01/2018","2.927","2.979","3.038","2.912","33.23M","-1.75%"
"03/01/2018","2.979","3.012","3.096","2.941","27.36M","-0.90%"
"02/01/2018","3.006","2.965","3.006","2.950","17.71M","2.49%"
"29/12/2017","2.933","2.900","2.941","2.889","22.85M","1.42%"
"28/12/2017","2.892","2.851","2.900","2.845","19.06M","1.97%"
"27/12/2017","2.836","2.827","2.859","2.798","11.59M","0.64%"
"26/12/2017","2.818","2.865","2.877","2.815","9.61M","-1.43%"
"25/12/2017","2.859","2.833","2.859","2.824","7.66M","1.35%"
"22/12/2017","2.821","2.786","2.848","2.786","19.60M","1.77%"
"21/12/2017","2.772","2.821","2.839","2.772","21.24M","-1.53%"
"20/12/2017","2.815","2.751","2.821","2.728","31.48M","2.44%"
"19/12/2017","2.748","2.772","2.807","2.742","29.01M","-0.76%"
"18/12/2017","2.769","2.742","2.815","2.742","26.07M","1.39%"
"15/12/2017","2.731","2.710","2.760","2.693","29.47M","0.77%"
"14/12/2017","2.710","2.657","2.731","2.596","37.96M","2.54%"
"13/12/2017","2.643","2.657","2.713","2.614","26.79M","-0.23%"
"12/12/2017","2.649","2.719","2.739","2.646","21.61M","-2.79%"
"11/12/2017","2.725","2.643","2.734","2.625","28.11M","4.17%"
"08/12/2017","2.616","2.631","2.660","2.602","17.78M","-0.23%"
"07/12/2017","2.622","2.558","2.655","2.552","25.08M","3.23%"
"06/12/2017","2.540","2.587","2.587","2.514","19.10M","-2.27%"
"05/12/2017","2.599","2.608","2.655","2.576","23.77M","0.23%"
"04/12/2017","2.593","2.458","2.593","2.458","24.91M","5.49%"
"01/12/2017","2.458","2.526","2.540","2.458","22.24M","-2.46%"
"30/11/2017","2.520","2.535","2.567","2.491","40.47M","0.36%"
"29/11/2017","2.511","2.540","2.593","2.415","22.73M","-0.59%"
"28/11/2017","2.526","2.655","2.698","2.526","26.38M","-5.04%"
"27/11/2017","2.660","2.751","2.751","2.660","21.28M","-2.71%"
"24/11/2017","2.734","2.669","2.789","2.663","30.20M","2.09%"
"23/11/2017","2.678","2.649","2.678","2.611","19.60M","1.67%"
"22/11/2017","2.634","2.672","2.672","2.561","34.67M","0.34%"
"21/11/2017","2.625","2.540","2.628","2.514","35.14M","2.38%"
"20/11/2017","2.564","2.578","2.590","2.505","25.53M","-0.47%"
"17/11/2017","2.576","2.599","2.611","2.552","15.87M","-0.43%"
"16/11/2017","2.587","2.625","2.657","2.581","51.79M","-1.11%"
"15/11/2017","2.616","2.751","2.760","2.616","34.20M","-4.49%"
"14/11/2017","2.739","2.757","2.777","2.687","34.15M","-0.87%"
"13/11/2017","2.763","2.854","2.856","2.763","25.90M","-2.26%"
"10/11/2017","2.827","2.877","2.877","2.818","21.55M","-1.64%"
"09/11/2017","2.874","2.813","2.886","2.807","31.09M","3.27%"
"08/11/2017","2.783","2.845","2.889","2.777","31.70M","-0.96%"
"07/11/2017","2.810","2.789","2.848","2.786","23.97M","0.86%"
"06/11/2017","2.786","2.698","2.868","2.690","29.13M","3.80%"
"03/11/2017","2.684","2.698","2.748","2.663","23.90M","-0.63%"
"02/11/2017","2.701","2.710","2.734","2.678","21.27M","0.11%"
"01/11/2017","2.698","2.605","2.707","2.576","30.34M","3.57%"
"31/10/2017","2.605","2.499","2.605","2.496","35.91M","3.99%"
"30/10/2017","2.505","2.502","2.526","2.485","14.78M","0.56%"
"27/10/2017","2.491","2.499","2.508","2.461","31.54M","-0.68%"
"26/10/2017","2.508","2.552","2.558","2.505","18.79M","-1.84%"
"25/10/2017","2.555","2.532","2.561","2.523","29.94M","1.27%"
"24/10/2017","2.523","2.464","2.523","2.458","39.71M","2.52%"
"23/10/2017","2.461","2.479","2.488","2.441","18.15M","-0.85%"
"20/10/2017","2.482","2.488","2.502","2.473","34.16M","0.24%"
"19/10/2017","2.476","2.456","2.482","2.450","13.98M","1.19%"
"18/10/2017","2.447","2.485","2.488","2.447","25.73M","-0.93%"
"17/10/2017","2.470","2.485","2.511","2.458","23.25M","-0.36%"
"16/10/2017","2.479","2.496","2.526","2.479","30.50M","-0.24%"
"13/10/2017","2.485","2.479","2.523","2.473","30.87M","0.36%"
"12/10/2017","2.476","2.388","2.476","2.388","49.54M","4.69%"
"11/10/2017","2.365","2.382","2.400","2.362","25.29M","-1.09%"
"10/10/2017","2.391","2.376","2.406","2.350","22.28M","1.49%"
"09/10/2017","2.356","2.338","2.374","2.265","37.11M","-0.76%"
"06/10/2017","2.374","2.371","2.385","2.356","16.08M","-0.34%"
"05/10/2017","2.382","2.359","2.400","2.356","20.09M","1.10%"
"04/10/2017","2.356","2.403","2.412","2.344","24.26M","-1.83%"
"03/10/2017","2.400","2.321","2.400","2.321","39.80M","3.54%"
"02/10/2017","2.318","2.262","2.336","2.262","23.94M","2.48%"
"29/09/2017","2.262","2.251","2.286","2.242","27.36M","0.62%"
"28/09/2017","2.248","2.283","2.300","2.248","27.90M","-1.53%"
"27/09/2017","2.283","2.309","2.309","2.239","34.45M","-0.74%"
"26/09/2017","2.300","2.216","2.300","2.210","29.96M","4.78%"
"25/09/2017","2.195","2.142","2.195","2.125","26.69M","1.20%"
"22/09/2017","2.169","2.213","2.216","2.157","20.82M","-1.45%"
"21/09/2017","2.201","2.210","2.230","2.192","18.74M","-0.77%"
"20/09/2017","2.218","2.201","2.245","2.186","26.25M","1.32%"
"19/09/2017","2.189","2.262","2.277","2.177","31.12M","-3.23%"
"18/09/2017","2.262","2.306","2.306","2.254","18.34M","-1.52%"
"15/09/2017","2.297","2.341","2.350","2.297","27.09M","-1.67%"
"14/09/2017","2.336","2.300","2.341","2.292","25.30M","2.19%"
"13/09/2017","2.286","2.350","2.359","2.286","42.81M","-2.60%"
"12/09/2017","2.347","2.374","2.379","2.344","37.40M","-1.01%"
"11/09/2017","2.371","2.368","2.391","2.368","37.95M","0.64%"
"08/09/2017","2.356","2.385","2.391","2.356","25.38M","-1.22%"
"07/09/2017","2.385","2.391","2.409","2.371","28.22M","0.00%"
"06/09/2017","2.385","2.376","2.406","2.347","32.46M","0.38%"
"05/09/2017","2.376","2.412","2.420","2.371","20.86M","-1.25%"
"31/08/2017","2.406","2.382","2.423","2.374","19.79M","1.26%"
"29/08/2017","2.376","2.359","2.376","2.353","18.18M","0.21%"
"28/08/2017","2.371","2.356","2.371","2.341","17.91M","1.02%"
"25/08/2017","2.347","2.359","2.382","2.341","15.55M","-0.25%"
"24/08/2017","2.353","2.394","2.409","2.353","19.48M","-1.71%"
"23/08/2017","2.394","2.388","2.403","2.374","22.38M","0.13%"
"22/08/2017","2.391","2.371","2.415","2.350","33.21M","1.10%"
"21/08/2017","2.365","2.280","2.388","2.256","48.34M","3.46%"
"18/08/2017","2.286","2.259","2.286","2.224","20.65M","0.66%"
"17/08/2017","2.271","2.315","2.330","2.262","25.26M","-1.05%"
"16/08/2017","2.295","2.242","2.309","2.172","51.47M","2.50%"
"15/08/2017","2.239","2.347","2.353","2.233","29.32M","-4.36%"
"14/08/2017","2.341","2.297","2.341","2.297","25.33M","2.95%"
"11/08/2017","2.274","2.259","2.289","2.195","42.48M","-0.39%"
"10/08/2017","2.283","2.353","2.385","2.283","33.25M","-2.85%"
"09/08/2017","2.350","2.382","2.423","2.350","45.13M","-1.34%"
"08/08/2017","2.382","2.420","2.429","2.382","21.76M","-1.24%"
"07/08/2017","2.412","2.409","2.432","2.406","22.63M","0.63%"
"04/08/2017","2.397","2.359","2.409","2.359","35.00M","1.61%"
"03/08/2017","2.359","2.300","2.359","2.295","38.41M","2.70%"
"02/08/2017","2.297","2.297","2.315","2.283","11.12M","0.48%"
"01/08/2017","2.286","2.300","2.312","2.274","16.55M","-0.39%"
"31/07/2017","2.295","2.312","2.333","2.295","18.03M","-0.61%"
"28/07/2017","2.309","2.333","2.333","2.309","20.00M","-1.16%"
"27/07/2017","2.336","2.327","2.359","2.318","23.10M","0.91%"
"26/07/2017","2.315","2.309","2.336","2.306","25.73M","0.00%"
"25/07/2017","2.315","2.300","2.324","2.289","23.24M","0.78%"
"24/07/2017","2.297","2.336","2.338","2.274","36.73M","-1.03%"
"21/07/2017","2.321","2.242","2.333","2.230","37.58M","3.66%"
"20/07/2017","2.239","2.268","2.268","2.239","36.21M","-1.15%"
"19/07/2017","2.265","2.239","2.265","2.224","51.09M","1.71%"
"18/07/2017","2.227","2.227","2.245","2.218","26.44M","0.00%"
"17/07/2017","2.227","2.227","2.242","2.216","21.14M","0.27%"
"14/07/2017","2.221","2.230","2.239","2.210","18.33M","-0.40%"
"13/07/2017","2.230","2.210","2.245","2.201","31.74M","1.04%"
"12/07/2017","2.207","2.180","2.207","2.163","28.74M","1.75%"
"11/07/2017","2.169","2.142","2.189","2.139","50.42M","1.54%"
"10/07/2017","2.136","2.090","2.151","2.090","31.09M","3.39%"
"07/07/2017","2.066","2.075","2.101","2.066","20.96M","0.00%"
"06/07/2017","2.066","2.096","2.116","2.063","40.58M","-1.29%"
"05/07/2017","2.093","2.057","2.110","2.055","52.68M","1.75%"
"04/07/2017","2.057","2.060","2.069","2.040","31.82M","-0.72%"
"03/07/2017","2.072","2.060","2.081","2.043","31.23M","0.44%"
"30/06/2017","2.063","2.034","2.084","2.011","52.45M","0.98%"
"29/06/2017","2.043","1.996","2.066","1.987","56.08M","2.51%"
"28/06/2017","1.993","1.911","1.996","1.902","76.47M","4.95%"
"23/06/2017","1.899","1.891","1.911","1.891","24.63M","0.42%"
"22/06/2017","1.891","1.914","1.923","1.882","31.90M","-1.05%"
"21/06/2017","1.911","1.858","1.911","1.844","46.72M","2.85%"
"20/06/2017","1.858","1.870","1.885","1.856","20.81M","0.00%"
"19/06/2017","1.858","1.867","1.876","1.850","28.65M","0.11%"
"16/06/2017","1.856","1.882","1.894","1.847","34.14M","-1.54%"
"15/06/2017","1.885","1.867","1.897","1.853","43.61M","0.96%"
"14/06/2017","1.867","1.891","1.894","1.867","37.04M","-0.95%"
"13/06/2017","1.885","1.926","1.943","1.882","50.88M","-1.82%"
"12/06/2017","1.920","1.888","1.937","1.888","40.35M","1.86%"
"09/06/2017","1.885","1.882","1.908","1.882","35.49M","0.48%"
"08/06/2017","1.876","1.879","1.891","1.876","33.53M","0.48%"
"07/06/2017","1.867","1.885","1.905","1.864","47.63M","-1.27%"
"06/06/2017","1.891","1.902","1.902","1.876","30.92M","-0.58%"
"05/06/2017","1.902","1.929","1.932","1.894","30.98M","-1.25%"
"02/06/2017","1.926","1.870","1.932","1.867","66.47M","3.66%"
"01/06/2017","1.858","1.873","1.876","1.841","40.74M","-0.64%"
"31/05/2017","1.870","1.908","1.908","1.864","35.43M","-1.42%"
"30/05/2017","1.897","1.899","1.908","1.885","18.25M","0.00%"
"29/05/2017","1.897","1.902","1.917","1.897","15.40M","0.00%"
"26/05/2017","1.897","1.917","1.923","1.888","31.63M","-1.04%"
"25/05/2017","1.917","1.902","1.932","1.891","36.78M","0.95%"
"24/05/2017","1.899","1.911","1.929","1.897","37.63M","-0.94%"
"23/05/2017","1.917","1.923","1.943","1.905","47.52M","-0.47%"
"22/05/2017","1.926","1.888","1.929","1.888","46.81M","2.67%"
"18/05/2017","1.876","1.867","1.897","1.856","41.13M","0.16%"
"17/05/2017","1.873","1.873","1.902","1.858","50.78M","-0.48%"
"16/05/2017","1.882","1.891","1.897","1.870","36.29M","-0.16%"
"15/05/2017","1.885","1.902","1.908","1.879","38.59M","-0.16%"
"12/05/2017","1.888","1.926","1.946","1.876","58.77M","-1.67%"
"11/05/2017","1.920","1.926","1.961","1.902","66.02M","-0.16%"
"10/05/2017","1.923","1.917","1.946","1.911","118.75M","-0.31%"
"09/05/2017","1.929","1.838","1.929","1.838","75.10M","4.61%"
"08/05/2017","1.844","1.858","1.861","1.832","38.63M","-0.32%"
"05/05/2017","1.850","1.835","1.858","1.817","52.75M","0.00%"
"04/05/2017","1.850","1.856","1.873","1.835","31.61M","-0.16%"
"03/05/2017","1.853","1.876","1.894","1.841","46.85M","-1.23%"
"02/05/2017","1.876","1.902","1.911","1.867","80.41M","-1.52%"
"28/04/2017","1.905","1.894","1.932","1.873","83.01M","1.06%"
"27/04/2017","1.885","1.864","1.894","1.850","126.94M","1.56%"
"26/04/2017","1.856","1.815","1.864","1.809","111.83M","2.26%"
"25/04/2017","1.815","1.771","1.817","1.750","124.42M","3.01%"
"24/04/2017","1.762","1.724","1.774","1.712","104.83M","3.10%"
"21/04/2017","1.709","1.736","1.747","1.706","138.40M","0.71%"
"20/04/2017","1.697","1.686","1.697","1.668","90.37M","1.37%"
"19/04/2017","1.674","1.668","1.703","1.662","118.50M","0.54%"
"18/04/2017","1.665","1.630","1.668","1.627","59.74M","2.34%"
"17/04/2017","1.627","1.613","1.636","1.598","34.33M","1.81%"
"14/04/2017","1.598","1.598","1.613","1.586","10.86M","-0.19%"
"13/04/2017","1.601","1.642","1.642","1.577","61.89M","-2.14%"
"12/04/2017","1.636","1.645","1.659","1.633","21.33M","-0.18%"
"11/04/2017","1.639","1.665","1.674","1.636","43.84M","-1.38%"
"10/04/2017","1.662","1.624","1.665","1.624","29.69M","2.72%"
"07/04/2017","1.618","1.621","1.636","1.616","23.25M","-0.55%"
"06/04/2017","1.627","1.630","1.657","1.621","30.41M","-0.37%"
"05/04/2017","1.633","1.645","1.648","1.618","33.45M","0.00%"
"04/04/2017","1.633","1.600","1.633","1.576","34.96M","2.19%"
"03/04/2017","1.598","1.614","1.617","1.592","13.82M","-0.68%"
"31/03/2017","1.609","1.619","1.628","1.606","16.08M","-0.80%"
"30/03/2017","1.622","1.619","1.628","1.606","18.77M","0.50%"
"29/03/2017","1.614","1.609","1.628","1.600","27.16M","0.19%"
"28/03/2017","1.611","1.611","1.617","1.581","20.70M","0.81%"
"27/03/2017","1.598","1.625","1.628","1.587","23.04M","-1.84%"
"24/03/2017","1.628","1.617","1.641","1.609","18.85M","0.37%"
"23/03/2017","1.622","1.658","1.658","1.614","20.08M","-1.64%"
"22/03/2017","1.649","1.647","1.658","1.622","23.69M","-1.02%"
"21/03/2017","1.666","1.674","1.701","1.655","25.76M","-0.18%"
"20/03/2017","1.669","1.685","1.693","1.647","18.51M","-1.42%"
"17/03/2017","1.693","1.690","1.718","1.685","35.15M","0.30%"
"16/03/2017","1.688","1.652","1.690","1.649","31.43M","3.18%"
"15/03/2017","1.636","1.603","1.644","1.603","26.81M","2.57%"
"14/03/2017","1.595","1.617","1.633","1.595","19.06M","-1.36%"
"13/03/2017","1.617","1.606","1.617","1.587","14.26M","0.68%"
"10/03/2017","1.606","1.614","1.639","1.598","20.92M","-0.19%"
"09/03/2017","1.609","1.595","1.614","1.595","15.84M","0.88%"
"08/03/2017","1.595","1.633","1.639","1.592","18.78M","-2.15%"
"07/03/2017","1.630","1.652","1.655","1.625","17.45M","-1.03%"
"06/03/2017","1.647","1.655","1.666","1.644","15.38M","0.00%"
"03/03/2017","1.647","1.652","1.677","1.630","18.56M","-0.66%"
"02/03/2017","1.658","1.622","1.663","1.617","30.91M","2.22%"
"01/03/2017","1.622","1.622","1.625","1.609","17.24M","0.19%"
"28/02/2017","1.619","1.625","1.625","1.595","25.72M","0.00%"
"27/02/2017","1.619","1.622","1.633","1.614","12.90M","-0.18%"
"24/02/2017","1.622","1.663","1.663","1.609","31.92M","-2.47%"
"23/02/2017","1.663","1.619","1.663","1.600","36.34M","3.23%"
"22/02/2017","1.611","1.603","1.617","1.595","24.64M","0.31%"
"21/02/2017","1.606","1.598","1.609","1.573","25.16M","1.07%"
"20/02/2017","1.589","1.622","1.622","1.570","18.52M","-1.55%"
"17/02/2017","1.614","1.611","1.628","1.603","24.10M","0.19%"
"16/02/2017","1.611","1.617","1.622","1.598","24.04M","0.12%"
"15/02/2017","1.609","1.633","1.633","1.598","25.17M","-1.17%"
"14/02/2017","1.628","1.592","1.628","1.584","33.60M","1.75%"
"13/02/2017","1.600","1.559","1.606","1.540","34.69M","2.43%"
"10/02/2017","1.562","1.570","1.595","1.516","101.78M","0.19%"
"09/02/2017","1.559","1.559","1.579","1.543","36.28M","0.00%"
"08/02/2017","1.559","1.573","1.584","1.543","35.77M","-0.19%"
"07/02/2017","1.562","1.603","1.614","1.559","47.84M","-3.22%"
"06/02/2017","1.614","1.630","1.639","1.595","26.83M","0.00%"
"03/02/2017","1.614","1.598","1.614","1.570","33.07M","0.31%"
"02/02/2017","1.609","1.628","1.636","1.595","22.11M","-0.80%"
"01/02/2017","1.622","1.581","1.622","1.579","20.02M","2.40%"
"31/01/2017","1.584","1.587","1.598","1.573","15.31M","-0.31%"
"30/01/2017","1.589","1.549","1.603","1.543","20.99M","2.45%"
"27/01/2017","1.551","1.527","1.551","1.524","12.52M","0.85%"
"26/01/2017","1.538","1.535","1.551","1.519","19.56M","0.72%"
"25/01/2017","1.527","1.568","1.573","1.519","19.91M","-2.61%"
"24/01/2017","1.568","1.521","1.568","1.521","28.64M","2.48%"
"23/01/2017","1.530","1.530","1.546","1.510","16.93M","0.39%"
"20/01/2017","1.524","1.502","1.530","1.472","19.21M","1.26%"
"19/01/2017","1.505","1.519","1.532","1.491","22.03M","-0.20%"
"18/01/2017","1.508","1.549","1.549","1.489","30.81M","-1.76%"
"17/01/2017","1.535","1.557","1.562","1.516","32.20M","-0.52%"
"16/01/2017","1.543","1.538","1.570","1.527","28.90M","0.33%"
"13/01/2017","1.538","1.530","1.543","1.500","36.40M","0.39%"
"12/01/2017","1.532","1.461","1.543","1.450","54.32M","6.02%"
"11/01/2017","1.445","1.341","1.453","1.341","64.48M","6.64%"
"10/01/2017","1.355","1.314","1.355","1.306","35.94M","3.12%"
"09/01/2017","1.314","1.303","1.328","1.292","22.81M","0.23%"
"06/01/2017","1.311","1.320","1.320","1.290","37.89M","-0.68%"
"05/01/2017","1.320","1.300","1.322","1.268","46.13M","1.93%"
"04/01/2017","1.295","1.358","1.363","1.281","45.26M","-4.64%"
"03/01/2017","1.358","1.393","1.393","1.344","26.13M","-2.30%"
"02/01/2017","1.390","1.393","1.401","1.385","7.68M","-0.79%"
"30/12/2016","1.401","1.385","1.404","1.385","13.87M","1.16%"
"29/12/2016","1.385","1.399","1.407","1.385","11.61M","-1.35%"
"28/12/2016","1.404","1.396","1.407","1.393","9.88M","0.57%"
"27/12/2016","1.396","1.388","1.401","1.388","5.04M","0.79%"
"26/12/2016","1.385","1.390","1.393","1.380","2.37M","-0.22%"
"23/12/2016","1.388","1.410","1.415","1.385","9.20M","-1.56%"
"22/12/2016","1.410","1.385","1.410","1.385","16.50M","1.81%"
"21/12/2016","1.385","1.382","1.404","1.377","16.70M","0.58%"
"20/12/2016","1.377","1.374","1.393","1.369","15.34M","0.22%"
"19/12/2016","1.374","1.423","1.423","1.360","27.97M","-3.10%"
"16/12/2016","1.418","1.404","1.418","1.401","20.12M","1.21%"
"15/12/2016","1.401","1.377","1.407","1.374","20.59M","1.37%"
"14/12/2016","1.382","1.412","1.420","1.377","33.42M","-1.99%"
"13/12/2016","1.410","1.415","1.437","1.407","34.41M","0.21%"
"12/12/2016","1.407","1.371","1.407","1.363","22.99M","1.96%"
"09/12/2016","1.380","1.404","1.410","1.374","25.72M","-1.36%"
"08/12/2016","1.399","1.382","1.399","1.350","36.03M","1.82%"
"07/12/2016","1.374","1.369","1.401","1.360","39.59M","0.37%"
"06/12/2016","1.369","1.309","1.369","1.303","48.06M","5.71%"
"05/12/2016","1.295","1.265","1.306","1.265","25.02M","1.49%"
"02/12/2016","1.276","1.260","1.287","1.238","31.66M","1.27%"
"01/12/2016","1.260","1.284","1.292","1.249","29.00M","-1.87%"
"30/11/2016","1.284","1.257","1.284","1.227","46.27M","2.39%"
"29/11/2016","1.254","1.254","1.281","1.246","36.64M","-0.24%"
"28/11/2016","1.257","1.224","1.260","1.224","37.10M","3.63%"
"25/11/2016","1.213","1.200","1.219","1.189","20.39M","0.66%"
"24/11/2016","1.205","1.200","1.224","1.197","30.35M","0.42%"
"23/11/2016","1.200","1.197","1.208","1.194","21.73M","0.76%"
"22/11/2016","1.191","1.175","1.211","1.175","45.64M","1.10%"
"21/11/2016","1.178","1.172","1.186","1.167","22.72M","0.51%"
"18/11/2016","1.172","1.159","1.181","1.151","27.29M","0.43%"
"17/11/2016","1.167","1.181","1.189","1.161","40.35M","-0.93%"
"16/11/2016","1.178","1.189","1.200","1.167","40.66M","-0.93%"
"15/11/2016","1.189","1.181","1.191","1.167","49.84M","0.93%"
"14/11/2016","1.178","1.164","1.186","1.142","41.32M","1.20%"
"11/11/2016","1.164","1.134","1.167","1.126","67.83M","2.37%"
"10/11/2016","1.137","1.112","1.151","1.112","50.82M","3.27%"
"09/11/2016","1.101","1.063","1.101","1.061","45.63M","0.92%"
"08/11/2016","1.091","1.093","1.099","1.071","31.16M","-0.18%"
"07/11/2016","1.093","1.077","1.096","1.069","42.34M","3.02%"
"04/11/2016","1.061","1.123","1.131","1.052","50.97M","-6.68%"
"03/11/2016","1.137","1.134","1.145","1.126","21.51M","0.53%"
"02/11/2016","1.131","1.121","1.140","1.112","29.63M","1.43%"
"01/11/2016","1.115","1.145","1.153","1.115","35.24M","-2.62%"
"31/10/2016","1.145","1.145","1.148","1.131","25.29M","0.44%"
"28/10/2016","1.140","1.142","1.145","1.131","11.52M","-0.44%"
"27/10/2016","1.145","1.151","1.156","1.140","28.24M","-0.52%"
"26/10/2016","1.151","1.161","1.172","1.145","35.33M","-1.12%"
"25/10/2016","1.164","1.159","1.178","1.156","46.41M","0.69%"
"24/10/2016","1.156","1.151","1.161","1.151","32.26M","0.96%"
"21/10/2016","1.145","1.191","1.191","1.145","77.85M","-3.86%"
"20/10/2016","1.191","1.211","1.213","1.186","36.76M","-1.41%"
"19/10/2016","1.208","1.208","1.213","1.194","49.27M","0.50%"
"18/10/2016","1.202","1.191","1.202","1.181","65.27M","1.35%"
"17/10/2016","1.186","1.175","1.189","1.153","29.08M","0.68%"
"14/10/2016","1.178","1.170","1.189","1.156","37.74M","1.46%"
"13/10/2016","1.161","1.134","1.167","1.134","45.18M","2.11%"
"12/10/2016","1.137","1.137","1.148","1.126","24.93M","0.26%"
"11/10/2016","1.134","1.153","1.153","1.131","29.22M","-1.65%"
"10/10/2016","1.153","1.167","1.170","1.151","17.39M","-0.52%"
"07/10/2016","1.159","1.170","1.175","1.156","22.11M","-0.43%"
"06/10/2016","1.164","1.205","1.224","1.159","38.14M","-2.76%"
"05/10/2016","1.197","1.142","1.205","1.142","35.41M","4.27%"
"04/10/2016","1.148","1.148","1.181","1.145","47.16M","0.26%"
"03/10/2016","1.145","1.134","1.148","1.131","23.61M","1.69%"
"30/09/2016","1.126","1.142","1.142","1.126","22.52M","-1.40%"
"29/09/2016","1.142","1.153","1.156","1.137","26.64M","-0.26%"
"28/09/2016","1.145","1.156","1.161","1.142","24.32M","-0.95%"
"27/09/2016","1.156","1.178","1.183","1.153","19.86M","-0.94%"
"26/09/2016","1.167","1.131","1.181","1.126","22.65M","-3.15%"
"23/09/2016","1.205","1.205","1.219","1.197","23.50M","0.25%"
"22/09/2016","1.202","1.200","1.211","1.194","32.15M","1.35%"
"21/09/2016","1.186","1.170","1.189","1.161","31.13M","1.63%"
"20/09/2016","1.167","1.167","1.172","1.159","21.84M","-0.68%"
"19/09/2016","1.175","1.170","1.181","1.161","29.86M","1.21%"
"16/09/2016","1.161","1.183","1.183","1.145","47.03M","-3.25%"
"09/09/2016","1.200","1.235","1.238","1.191","36.65M","-3.30%"
"08/09/2016","1.241","1.273","1.284","1.238","23.05M","-2.28%"
"07/09/2016","1.270","1.254","1.273","1.254","12.39M","0.40%"
"06/09/2016","1.265","1.273","1.284","1.260","16.61M","0.00%"
"05/09/2016","1.265","1.235","1.265","1.235","31.18M","2.85%"
"02/09/2016","1.230","1.224","1.243","1.224","18.09M","0.00%"
"01/09/2016","1.230","1.216","1.235","1.216","16.72M","1.40%"
"31/08/2016","1.213","1.251","1.254","1.213","26.25M","-3.27%"
"29/08/2016","1.254","1.273","1.273","1.246","7.04M","-1.49%"
"26/08/2016","1.273","1.273","1.279","1.257","11.54M","-0.24%"
"25/08/2016","1.276","1.281","1.287","1.265","23.03M","-0.23%"
"24/08/2016","1.279","1.276","1.284","1.151","28.07M","-1.46%"
"23/08/2016","1.298","1.325","1.328","1.298","15.13M","-1.82%"
"22/08/2016","1.322","1.330","1.339","1.311","15.85M","-1.05%"
"19/08/2016","1.336","1.309","1.339","1.298","16.69M","2.06%"
"18/08/2016","1.309","1.336","1.341","1.303","18.91M","-0.98%"
"17/08/2016","1.322","1.292","1.339","1.290","22.94M","2.48%"
"16/08/2016","1.290","1.339","1.347","1.284","23.76M","-3.44%"
"15/08/2016","1.336","1.352","1.352","1.330","11.56M","-0.82%"
"12/08/2016","1.347","1.363","1.363","1.330","17.80M","0.00%"
"11/08/2016","1.347","1.350","1.352","1.300","34.02M","-0.59%"
"10/08/2016","1.355","1.360","1.363","1.328","18.44M","-0.22%"
"09/08/2016","1.358","1.352","1.374","1.339","28.95M","1.04%"
"08/08/2016","1.344","1.328","1.358","1.328","30.41M","2.52%"
"05/08/2016","1.311","1.279","1.317","1.265","42.02M","2.99%"
"04/08/2016","1.273","1.221","1.276","1.205","23.62M","4.69%"
"03/08/2016","1.216","1.235","1.241","1.197","16.42M","-1.54%"
"02/08/2016","1.235","1.273","1.273","1.232","18.60M","-2.60%"
"01/08/2016","1.268","1.262","1.276","1.246","18.56M","2.42%"
"29/07/2016","1.238","1.273","1.273","1.224","29.08M","-2.75%"
"28/07/2016","1.273","1.268","1.300","1.262","24.82M","1.03%"
"27/07/2016","1.260","1.211","1.262","1.211","20.64M","4.05%"
"26/07/2016","1.211","1.227","1.227","1.191","20.96M","-0.41%"
"25/07/2016","1.216","1.148","1.232","1.148","24.00M","6.20%"
"22/07/2016","1.145","1.191","1.191","1.121","37.58M","-1.89%"
"21/07/2016","1.167","1.241","1.246","1.164","38.93M","-6.34%"
"20/07/2016","1.246","1.279","1.279","1.232","32.52M","-1.89%"
"19/07/2016","1.270","1.265","1.300","1.227","32.53M","-0.70%"
"18/07/2016","1.279","1.260","1.279","1.221","45.40M","-1.01%"
"15/07/2016","1.292","1.257","1.292","1.254","34.97M","2.54%"
"14/07/2016","1.260","1.221","1.268","1.216","43.52M","4.30%"
"13/07/2016","1.208","1.224","1.235","1.202","28.40M","-1.55%"
"12/07/2016","1.227","1.175","1.230","1.170","40.10M","4.43%"
"11/07/2016","1.175","1.161","1.181","1.153","34.91M","1.91%"
"08/07/2016","1.153","1.137","1.159","1.131","24.02M","0.44%"
"04/07/2016","1.148","1.151","1.151","1.140","8.09M","0.00%"
"01/07/2016","1.148","1.112","1.151","1.110","31.41M","3.70%"
"30/06/2016","1.107","1.123","1.134","1.099","35.07M","-1.25%"
"29/06/2016","1.121","1.118","1.129","1.104","32.51M","0.81%"
"28/06/2016","1.112","1.080","1.118","1.077","31.33M","4.32%"
"27/06/2016","1.066","1.071","1.080","1.063","20.22M","-0.74%"
"24/06/2016","1.074","1.047","1.074","1.036","21.80M","-2.72%"
"23/06/2016","1.104","1.091","1.110","1.080","30.64M","1.47%"
"22/06/2016","1.088","1.110","1.115","1.085","20.64M","-1.72%"
"21/06/2016","1.107","1.104","1.112","1.096","28.32M","0.27%"
"20/06/2016","1.104","1.099","1.104","1.088","18.29M","2.51%"
"17/06/2016","1.077","1.085","1.093","1.063","26.69M","0.28%"
"16/06/2016","1.074","1.096","1.112","1.074","21.69M","-2.45%"
"15/06/2016","1.101","1.099","1.104","1.091","15.74M","1.19%"
"14/06/2016","1.088","1.112","1.115","1.082","22.92M","-2.16%"
"13/06/2016","1.112","1.110","1.112","1.074","24.31M","0.18%"
"10/06/2016","1.110","1.107","1.123","1.101","15.02M","-0.18%"
"09/06/2016","1.112","1.153","1.156","1.107","30.89M","-3.39%"
"08/06/2016","1.151","1.148","1.153","1.129","29.33M","1.23%"
"07/06/2016","1.137","1.129","1.142","1.126","28.51M","1.43%"
"06/06/2016","1.121","1.110","1.129","1.101","16.77M","1.82%"
"03/06/2016","1.101","1.077","1.118","1.066","24.40M","2.51%"
"02/06/2016","1.074","1.088","1.093","1.069","22.82M","-0.56%"
"01/06/2016","1.080","1.123","1.129","1.074","34.92M","-3.83%"
"31/05/2016","1.123","1.145","1.145","1.115","30.77M","-0.97%"
"30/05/2016","1.134","1.123","1.142","1.121","11.89M","0.98%"
"27/05/2016","1.123","1.148","1.156","1.123","26.10M","-1.92%"
"26/05/2016","1.145","1.131","1.153","1.126","34.53M","1.24%"
"25/05/2016","1.131","1.131","1.137","1.121","29.45M","1.16%"
"24/05/2016","1.118","1.097","1.125","1.082","31.51M","1.91%"
"23/05/2016","1.097","1.125","1.131","1.090","30.64M","-2.32%"
"20/05/2016","1.123","1.115","1.136","1.103","32.95M","1.17%"
"18/05/2016","1.110","1.082","1.120","1.072","36.28M","2.12%"
"17/05/2016","1.087","1.118","1.123","1.080","36.33M","-2.34%"
"16/05/2016","1.113","1.113","1.118","1.085","21.72M","0.45%"
"13/05/2016","1.108","1.105","1.115","1.080","39.18M","-0.18%"
"12/05/2016","1.110","1.164","1.171","1.108","47.78M","-4.15%"
"11/05/2016","1.158","1.143","1.166","1.141","37.81M","1.94%"
"10/05/2016","1.136","1.153","1.153","1.110","47.22M","-1.90%"
"09/05/2016","1.158","1.199","1.235","1.158","35.09M","-2.77%"
"06/05/2016","1.191","1.189","1.199","1.161","21.72M","0.17%"
"05/05/2016","1.189","1.141","1.204","1.138","37.10M","2.15%"
"04/05/2016","1.164","1.123","1.176","1.108","34.43M","3.19%"
"03/05/2016","1.128","1.174","1.181","1.118","44.21M","-3.51%"
"02/05/2016","1.169","1.184","1.199","1.169","28.05M","-1.43%"
"29/04/2016","1.186","1.191","1.194","1.174","29.45M","-0.92%"
"28/04/2016","1.197","1.186","1.207","1.161","58.63M","1.10%"
"27/04/2016","1.184","1.217","1.219","1.176","51.25M","-2.31%"
"26/04/2016","1.212","1.273","1.275","1.209","55.41M","-4.19%"
"25/04/2016","1.265","1.250","1.280","1.245","28.02M","1.04%"
"22/04/2016","1.252","1.273","1.283","1.235","30.67M","-1.42%"
"21/04/2016","1.270","1.258","1.283","1.255","38.74M","2.42%"
"20/04/2016","1.240","1.209","1.265","1.202","51.40M","2.31%"
"19/04/2016","1.212","1.232","1.232","1.207","21.61M","-1.06%"
"18/04/2016","1.225","1.199","1.232","1.199","33.57M","1.32%"
"15/04/2016","1.209","1.245","1.255","1.199","48.16M","-3.43%"
"14/04/2016","1.252","1.265","1.285","1.214","66.21M","-0.63%"
"13/04/2016","1.260","1.237","1.268","1.230","40.43M","2.69%"
"12/04/2016","1.227","1.194","1.245","1.179","58.29M","3.02%"
"11/04/2016","1.191","1.148","1.194","1.146","38.14M","4.20%"
"08/04/2016","1.143","1.123","1.148","1.103","38.00M","2.97%"
"07/04/2016","1.110","1.087","1.110","1.085","41.55M","3.26%"
"06/04/2016","1.075","1.103","1.103","1.075","27.33M","-1.38%"
"05/04/2016","1.090","1.092","1.105","1.080","31.74M","-0.46%"
"04/04/2016","1.095","1.085","1.105","1.077","28.40M","0.92%"
"01/04/2016","1.085","1.080","1.085","1.064","34.05M","0.74%"
"31/03/2016","1.077","1.090","1.095","1.059","54.47M","-0.92%"
"30/03/2016","1.087","1.070","1.095","1.067","43.79M","3.13%"
"29/03/2016","1.054","1.047","1.070","1.042","43.28M","1.15%"
"28/03/2016","1.042","1.019","1.042","1.014","16.31M","2.76%"
"25/03/2016","1.014","1.026","1.031","1.011","6.83M","-1.17%"
"24/03/2016","1.026","0.986","1.026","0.981","31.58M","4.37%"
"23/03/2016","0.983","1.003","1.009","0.981","30.63M","-1.99%"
"22/03/2016","1.003","1.014","1.014","0.983","42.77M","-1.28%"
"21/03/2016","1.016","1.011","1.037","1.006","39.66M","0.49%"
"18/03/2016","1.011","0.965","1.011","0.958","80.31M","5.31%"
"17/03/2016","0.960","0.943","0.963","0.935","40.38M","3.23%"
"16/03/2016","0.930","0.932","0.937","0.917","26.32M","-0.21%"
"15/03/2016","0.932","0.945","0.950","0.925","31.69M","-1.17%"
"14/03/2016","0.943","0.925","0.948","0.920","38.43M","1.73%"
"11/03/2016","0.927","0.927","0.927","0.904","35.48M","0.76%"
"10/03/2016","0.920","0.912","0.932","0.909","50.85M","1.77%"
"09/03/2016","0.904","0.899","0.904","0.882","44.73M","-0.88%"
"08/03/2016","0.912","0.912","0.937","0.907","69.44M","-0.33%"
"07/03/2016","0.915","0.902","0.915","0.889","33.17M","1.78%"
"04/03/2016","0.899","0.884","0.902","0.871","49.25M","1.93%"
"03/03/2016","0.882","0.887","0.892","0.876","34.44M","-0.23%"
"02/03/2016","0.884","0.894","0.897","0.874","30.87M","-0.34%"
"01/03/2016","0.887","0.887","0.889","0.876","28.55M","1.26%"
"29/02/2016","0.876","0.854","0.884","0.854","30.38M","2.34%"
"26/02/2016","0.856","0.859","0.869","0.851","37.66M","0.00%"
"25/02/2016","0.856","0.854","0.859","0.846","21.54M","1.18%"
"24/02/2016","0.846","0.856","0.869","0.838","34.42M","-1.17%"
"23/02/2016","0.856","0.828","0.859","0.823","37.38M","3.38%"
"22/02/2016","0.828","0.831","0.833","0.823","23.65M","0.85%"
"19/02/2016","0.821","0.823","0.826","0.810","14.72M","-0.61%"
"18/02/2016","0.826","0.810","0.828","0.808","26.46M","1.98%"
"17/02/2016","0.810","0.793","0.821","0.785","25.80M","2.14%"
"16/02/2016","0.793","0.805","0.808","0.788","23.06M","-0.63%"
"15/02/2016","0.798","0.788","0.798","0.765","35.01M","2.05%"
"12/02/2016","0.782","0.800","0.803","0.782","23.79M","-1.01%"
"11/02/2016","0.790","0.788","0.793","0.767","32.58M","-0.63%"
"10/02/2016","0.795","0.800","0.815","0.788","38.27M","-0.38%"
"09/02/2016","0.798","0.810","0.813","0.782","34.46M","-2.44%"
"08/02/2016","0.818","0.838","0.841","0.813","29.48M","-1.80%"
"05/02/2016","0.833","0.821","0.836","0.818","27.73M","2.21%"
"04/02/2016","0.815","0.800","0.818","0.793","50.73M","3.16%"
"03/02/2016","0.790","0.782","0.798","0.772","30.38M","1.02%"
"02/02/2016","0.782","0.790","0.795","0.782","31.48M","-0.76%"
"01/02/2016","0.788","0.785","0.790","0.780","24.46M","0.38%"
"29/01/2016","0.785","0.785","0.788","0.780","51.09M","1.03%"
"28/01/2016","0.777","0.788","0.788","0.772","46.03M","-0.64%"
"27/01/2016","0.782","0.775","0.793","0.775","51.13M","0.90%"
"26/01/2016","0.775","0.770","0.780","0.762","38.91M","0.00%"
"25/01/2016","0.775","0.780","0.790","0.767","44.26M","1.04%"
"22/01/2016","0.767","0.747","0.770","0.744","36.74M","4.50%"
"21/01/2016","0.734","0.739","0.747","0.719","45.80M","-1.08%"
"20/01/2016","0.742","0.757","0.760","0.742","29.01M","-2.37%"
"19/01/2016","0.760","0.767","0.777","0.752","64.20M","0.00%"
"18/01/2016","0.760","0.757","0.765","0.752","23.12M","1.06%"
"15/01/2016","0.752","0.767","0.777","0.749","47.21M","-1.96%"
"14/01/2016","0.767","0.772","0.780","0.760","40.23M","-1.29%"
"13/01/2016","0.777","0.775","0.785","0.770","59.83M","0.91%"
"12/01/2016","0.770","0.770","0.780","0.755","43.75M","0.00%"
"11/01/2016","0.770","0.760","0.780","0.755","32.13M","1.32%"
"08/01/2016","0.760","0.790","0.798","0.760","36.72M","-3.18%"
"07/01/2016","0.785","0.785","0.790","0.765","46.33M","-1.01%"
"06/01/2016","0.793","0.752","0.795","0.752","58.10M","4.76%"
"05/01/2016","0.757","0.757","0.762","0.729","70.76M","0.66%"
"04/01/2016","0.752","0.762","0.762","0.749","31.83M","-2.59%"
"31/12/2015","0.772","0.798","0.798","0.772","21.49M","-2.89%"
"30/12/2015","0.795","0.805","0.808","0.795","10.23M","-1.24%"
"29/12/2015","0.805","0.815","0.815","0.795","21.74M","-0.62%"
"28/12/2015","0.810","0.821","0.828","0.808","20.38M","-0.61%"
"25/12/2015","0.815","0.823","0.823","0.815","5.20M","-0.37%"
"24/12/2015","0.818","0.813","0.823","0.810","24.32M","1.24%"
"23/12/2015","0.808","0.785","0.813","0.785","40.17M","2.93%"
"22/12/2015","0.785","0.790","0.793","0.775","32.41M","-0.63%"
"21/12/2015","0.790","0.795","0.803","0.785","45.26M","0.00%"
"18/12/2015","0.790","0.823","0.826","0.790","47.34M","-4.36%"
"17/12/2015","0.826","0.833","0.841","0.823","47.02M","-0.24%"
"16/12/2015","0.828","0.833","0.836","0.818","27.09M","-0.96%"
"15/12/2015","0.836","0.803","0.836","0.800","37.58M","4.76%"
"14/12/2015","0.798","0.849","0.856","0.798","46.18M","-5.11%"
"11/12/2015","0.841","0.851","0.861","0.836","45.74M","-0.94%"
"10/12/2015","0.849","0.859","0.887","0.843","41.24M","-1.74%"
"09/12/2015","0.864","0.856","0.869","0.846","32.54M","1.17%"
"08/12/2015","0.854","0.874","0.879","0.854","33.74M","-2.51%"
"07/12/2015","0.876","0.892","0.894","0.869","34.25M","-1.46%"
"04/12/2015","0.889","0.920","0.922","0.874","44.13M","-2.84%"
"03/12/2015","0.915","0.925","0.935","0.915","29.39M","-0.54%"
"02/12/2015","0.920","0.950","0.953","0.920","44.25M","-2.65%"
"01/12/2015","0.945","0.960","0.968","0.937","40.20M","-1.05%"
"30/11/2015","0.955","0.948","0.965","0.948","34.09M","0.74%"
"27/11/2015","0.948","0.930","0.953","0.930","29.02M","1.39%"
"26/11/2015","0.935","0.917","0.943","0.915","33.78M","1.41%"
"25/11/2015","0.922","0.920","0.925","0.909","36.28M","0.55%"
"24/11/2015","0.917","0.960","0.963","0.915","49.90M","-4.28%"
"23/11/2015","0.958","0.978","0.983","0.958","25.49M","-2.34%"
"20/11/2015","0.981","0.973","0.981","0.968","18.90M","1.13%"
"19/11/2015","0.970","0.960","0.973","0.958","28.98M","1.57%"
"18/11/2015","0.955","0.970","0.973","0.955","33.09M","-1.55%"
"17/11/2015","0.970","0.978","0.986","0.970","23.51M","-0.61%"
"16/11/2015","0.976","0.983","0.986","0.970","30.10M","-0.71%"
"13/11/2015","0.983","0.996","1.001","0.981","39.95M","-1.31%"
"12/11/2015","0.996","0.998","1.006","0.988","26.22M","0.30%"
"11/11/2015","0.993","0.993","1.003","0.991","22.77M","0.51%"
"10/11/2015","0.988","0.996","1.001","0.988","37.06M","-0.30%"
"09/11/2015","0.991","1.001","1.009","0.986","34.68M","-0.20%"
"06/11/2015","0.993","1.042","1.042","0.993","46.81M","-4.70%"
"05/11/2015","1.042","1.062","1.064","1.031","47.34M","-3.96%"
"04/11/2015","1.085","1.070","1.085","1.064","21.08M","2.17%"
"03/11/2015","1.062","1.059","1.070","1.057","21.66M","0.47%"
"02/11/2015","1.057","1.080","1.110","1.057","56.37M","0.48%"
"30/10/2015","1.052","1.034","1.057","1.021","26.77M","1.45%"
"28/10/2015","1.037","1.026","1.037","1.024","16.80M","1.27%"
"27/10/2015","1.024","1.014","1.026","1.001","40.48M","0.99%"
"26/10/2015","1.014","1.011","1.019","1.006","15.72M","0.30%"
"23/10/2015","1.011","1.021","1.029","1.003","21.87M","0.20%"
"22/10/2015","1.009","1.003","1.016","0.998","20.53M","0.30%"
"21/10/2015","1.006","1.019","1.029","1.001","30.91M","-1.28%"
"20/10/2015","1.019","1.042","1.042","1.019","23.11M","-2.21%"
"19/10/2015","1.042","1.031","1.047","1.029","20.20M","0.48%"
"16/10/2015","1.037","1.029","1.037","1.011","26.16M","1.77%"
"15/10/2015","1.019","1.039","1.059","1.019","36.31M","-0.97%"
"14/10/2015","1.029","1.014","1.034","1.001","31.18M","1.28%"
"13/10/2015","1.016","1.062","1.062","1.011","29.87M","-3.88%"
"12/10/2015","1.057","1.029","1.070","1.026","27.47M","1.44%"
"09/10/2015","1.042","1.011","1.042","1.011","33.83M","3.89%"
"08/10/2015","1.003","1.003","1.021","0.996","38.10M","-0.79%"
"07/10/2015","1.011","0.978","1.011","0.976","38.38M","4.23%"
"06/10/2015","0.970","0.965","0.978","0.963","23.86M","0.52%"
"05/10/2015","0.965","0.955","0.968","0.948","51.59M","2.12%"
"02/10/2015","0.945","0.948","0.950","0.940","19.64M","-0.32%"
"01/10/2015","0.948","0.955","0.958","0.937","27.82M","0.00%"
"30/09/2015","0.948","0.970","0.973","0.948","30.77M","-1.56%"
"29/09/2015","0.963","0.935","0.968","0.935","21.51M","1.90%"
"28/09/2015","0.945","0.950","0.970","0.935","32.18M","-0.84%"
"23/09/2015","0.953","0.958","0.968","0.953","8.61M","-0.52%"
"22/09/2015","0.958","0.991","1.001","0.953","32.11M","-3.04%"
"21/09/2015","0.988","0.993","1.001","0.988","22.00M","-0.80%"
"18/09/2015","0.996","1.003","1.003","0.983","25.43M","-0.70%"
"17/09/2015","1.003","0.988","1.003","0.986","16.52M","1.52%"
"16/09/2015","0.988","0.978","0.991","0.973","12.23M","1.23%"
"15/09/2015","0.976","0.958","0.981","0.950","21.46M","2.20%"
"14/09/2015","0.955","0.945","0.958","0.932","16.09M","1.92%"
"11/09/2015","0.937","0.932","0.940","0.925","18.80M","1.08%"
"10/09/2015","0.927","0.935","0.937","0.922","21.99M","-1.07%"
"09/09/2015","0.937","0.940","0.950","0.930","18.87M","0.75%"
"08/09/2015","0.930","0.943","0.948","0.927","15.67M","-0.53%"
"07/09/2015","0.935","0.950","0.950","0.930","10.57M","-2.40%"
"04/09/2015","0.958","0.976","0.981","0.950","12.91M","-2.54%"
"03/09/2015","0.983","0.976","0.983","0.965","13.29M","1.55%"
"02/09/2015","0.968","0.991","0.996","0.968","12.12M","-2.02%"
"01/09/2015","0.988","1.003","1.003","0.981","16.43M","-1.79%"
"31/08/2015","1.006","0.983","1.006","0.983","22.16M","2.03%"
"28/08/2015","0.986","1.006","1.011","0.973","10.56M","-1.20%"
"27/08/2015","0.998","0.973","0.998","0.970","20.84M","3.96%"
"26/08/2015","0.960","0.940","0.960","0.927","24.60M","1.27%"
"25/08/2015","0.948","0.943","0.960","0.935","17.05M","1.72%"
"24/08/2015","0.932","0.955","0.955","0.899","26.67M","-3.22%"
"21/08/2015","0.963","0.970","0.976","0.948","25.65M","-1.03%"
"20/08/2015","0.973","0.978","0.983","0.960","18.38M","-0.51%"
"19/08/2015","0.978","0.996","1.003","0.978","16.87M","-1.31%"
"18/08/2015","0.991","0.983","1.006","0.981","26.92M","0.30%"
"17/08/2015","0.988","1.001","1.003","0.983","22.37M","-1.30%"
"14/08/2015","1.001","1.003","1.011","0.986","16.72M","-0.79%"
"13/08/2015","1.009","1.003","1.009","0.973","27.90M","1.82%"
"12/08/2015","0.991","1.016","1.019","0.986","26.84M","-3.22%"
"11/08/2015","1.024","0.988","1.029","0.988","33.26M","4.70%"
"10/08/2015","0.978","1.016","1.016","0.978","21.10M","-3.26%"
"07/08/2015","1.011","1.039","1.039","1.009","26.87M","-2.22%"
"06/08/2015","1.034","1.057","1.067","1.034","38.11M","-1.24%"
"05/08/2015","1.047","1.054","1.067","1.039","27.59M","-1.13%"
"04/08/2015","1.059","1.044","1.070","1.044","28.89M","1.44%"
"03/08/2015","1.044","1.062","1.064","1.039","20.03M","-1.23%"
"31/07/2015","1.057","1.052","1.080","1.049","48.88M","0.76%"
"30/07/2015","1.049","1.034","1.059","1.031","25.71M","0.48%"
"29/07/2015","1.044","1.029","1.064","1.016","35.20M","2.25%"
"28/07/2015","1.021","1.026","1.031","1.006","21.76M","-0.49%"
"27/07/2015","1.026","0.988","1.026","0.988","26.55M","3.85%"
"24/07/2015","0.988","1.019","1.019","0.986","20.23M","-0.30%"
"23/07/2015","0.991","1.042","1.042","0.983","42.51M","-4.44%"
"22/07/2015","1.037","1.062","1.062","1.037","23.77M","-2.08%"
"21/07/2015","1.059","1.034","1.059","1.029","21.21M","2.92%"
"20/07/2015","1.029","1.054","1.054","1.029","22.52M","-1.91%"
"16/07/2015","1.049","1.054","1.057","1.047","7.20M","-0.29%"
"15/07/2015","1.052","1.057","1.072","1.052","15.94M","-0.19%"
"14/07/2015","1.054","1.082","1.087","1.054","27.56M","-2.14%"
"13/07/2015","1.077","1.085","1.087","1.075","13.44M","-0.74%"
"10/07/2015","1.085","1.097","1.097","1.075","19.40M","-0.18%"
"09/07/2015","1.087","1.072","1.090","1.070","19.76M","1.59%"
"08/07/2015","1.070","1.072","1.072","1.054","22.95M","0.28%"
"07/07/2015","1.067","1.087","1.095","1.067","33.28M","-1.20%"
"06/07/2015","1.080","1.067","1.090","1.059","14.80M","0.93%"
"03/07/2015","1.070","1.077","1.085","1.067","11.13M","-0.19%"
"02/07/2015","1.072","1.087","1.087","1.064","19.36M","-1.20%"
"01/07/2015","1.085","1.105","1.105","1.085","10.07M","-1.63%"
"30/06/2015","1.103","1.108","1.110","1.080","25.50M","-0.18%"
"29/06/2015","1.105","1.115","1.115","1.105","14.78M","-2.04%"
"26/06/2015","1.128","1.125","1.128","1.108","14.84M","0.27%"
"25/06/2015","1.125","1.143","1.146","1.123","15.33M","-1.57%"
"24/06/2015","1.143","1.128","1.148","1.128","15.95M","1.33%"
"23/06/2015","1.128","1.118","1.131","1.110","15.72M","1.62%"
"22/06/2015","1.110","1.143","1.148","1.110","20.50M","-2.46%"
"19/06/2015","1.138","1.123","1.141","1.118","16.49M","1.34%"
"18/06/2015","1.123","1.110","1.123","1.103","18.58M","2.09%"
"17/06/2015","1.100","1.092","1.103","1.085","20.27M","1.20%"
"16/06/2015","1.087","1.075","1.095","1.070","11.87M","1.40%"
"15/06/2015","1.072","1.087","1.087","1.062","14.56M","-0.92%"
"12/06/2015","1.082","1.090","1.105","1.082","16.52M","-0.73%"
"11/06/2015","1.090","1.090","1.095","1.075","19.05M","0.46%"
"10/06/2015","1.085","1.090","1.100","1.080","20.69M","0.00%"
"09/06/2015","1.085","1.125","1.131","1.085","29.11M","-3.12%"
"08/06/2015","1.120","1.062","1.123","1.054","22.39M","-1.15%"
"05/06/2015","1.133","1.161","1.171","1.123","21.73M","-2.66%"
"04/06/2015","1.164","1.136","1.164","1.133","23.49M","2.02%"
"03/06/2015","1.141","1.118","1.156","1.105","29.41M","2.06%"
"02/06/2015","1.118","1.077","1.123","1.077","35.21M","4.29%"
"01/06/2015","1.072","1.087","1.087","1.070","15.02M","-1.38%"
"29/05/2015","1.087","1.085","1.110","1.077","27.58M","0.46%"
"28/05/2015","1.082","1.108","1.113","1.082","20.27M","-2.08%"
"27/05/2015","1.105","1.090","1.110","1.072","31.07M","1.38%"
"26/05/2015","1.090","1.120","1.120","1.085","39.61M","-2.50%"
"25/05/2015","1.118","1.127","1.129","1.115","11.92M","-0.62%"
"22/05/2015","1.125","1.139","1.153","1.125","20.63M","-0.97%"
"21/05/2015","1.136","1.148","1.162","1.122","21.78M","-0.87%"
"20/05/2015","1.146","1.139","1.148","1.134","18.39M","0.44%"
"18/05/2015","1.141","1.141","1.143","1.132","10.98M","0.18%"
"15/05/2015","1.139","1.129","1.143","1.122","16.85M","1.06%"
"14/05/2015","1.127","1.111","1.132","1.109","22.72M","1.44%"
"13/05/2015","1.111","1.102","1.111","1.097","14.67M","1.09%"
"12/05/2015","1.099","1.095","1.106","1.085","26.51M","0.37%"
"11/05/2015","1.095","1.095","1.111","1.092","18.62M","0.00%"
"08/05/2015","1.095","1.078","1.099","1.071","21.81M","1.77%"
"07/05/2015","1.076","1.062","1.078","1.048","17.23M","1.32%"
"06/05/2015","1.062","1.076","1.078","1.055","19.68M","-1.12%"
"05/05/2015","1.074","1.064","1.083","1.055","23.67M","1.13%"
"04/05/2015","1.062","1.048","1.071","1.039","17.05M","1.34%"
"30/04/2015","1.048","1.074","1.088","1.048","37.33M","-1.78%"
"29/04/2015","1.067","1.095","1.099","1.057","41.10M","-2.29%"
"28/04/2015","1.092","1.067","1.099","1.053","41.37M","1.30%"
"27/04/2015","1.078","1.062","1.095","1.062","20.49M","1.51%"
"24/04/2015","1.062","1.060","1.069","1.046","23.74M","0.66%"
"22/04/2015","1.055","1.064","1.078","1.055","15.55M","-1.12%"
"21/04/2015","1.067","1.043","1.069","1.034","24.44M","2.01%"
"20/04/2015","1.046","1.043","1.048","1.029","14.48M","0.97%"
"17/04/2015","1.036","1.048","1.060","1.032","18.44M","-0.29%"
"16/04/2015","1.039","1.015","1.043","1.008","31.93M","3.08%"
"15/04/2015","1.008","1.006","1.011","0.992","18.51M","0.00%"
"14/04/2015","1.008","1.001","1.018","0.983","28.74M","0.40%"
"13/04/2015","1.004","1.018","1.022","0.997","22.24M","-1.57%"
"10/04/2015","1.020","1.022","1.036","1.011","25.30M","-0.49%"
"09/04/2015","1.025","1.013","1.034","1.013","20.82M","0.49%"
"08/04/2015","1.020","1.020","1.029","1.004","25.52M","0.00%"
"07/04/2015","1.020","0.999","1.025","0.992","25.30M","2.31%"
"06/04/2015","0.997","1.001","1.001","0.983","9.92M","-0.20%"
"03/04/2015","0.999","1.001","1.004","0.980","12.66M","0.20%"
"02/04/2015","0.997","0.978","1.008","0.973","33.85M","2.47%"
"01/04/2015","0.973","0.945","0.976","0.943","30.70M","3.40%"
"31/03/2015","0.941","0.948","0.950","0.932","29.45M","-0.21%"
"30/03/2015","0.943","0.941","0.948","0.925","28.46M","0.96%"
"27/03/2015","0.934","0.929","0.936","0.915","19.63M","0.21%"
"26/03/2015","0.932","0.934","0.941","0.927","21.47M","-1.69%"
"25/03/2015","0.948","0.950","0.964","0.943","22.35M","0.74%"
"24/03/2015","0.941","0.971","0.971","0.941","18.56M","-3.29%"
"23/03/2015","0.973","0.966","0.976","0.964","12.97M","0.72%"
"20/03/2015","0.966","0.966","0.978","0.952","18.05M","0.73%"
"19/03/2015","0.959","0.976","0.976","0.959","20.42M","0.21%"
"18/03/2015","0.957","0.943","0.957","0.936","21.56M","1.48%"
"17/03/2015","0.943","0.922","0.943","0.922","16.41M","2.72%"
"16/03/2015","0.918","0.920","0.936","0.908","14.23M","1.10%"
"13/03/2015","0.908","0.920","0.936","0.904","27.19M","-1.09%"
"12/03/2015","0.918","0.918","0.925","0.908","28.39M","1.55%"
"11/03/2015","0.904","0.927","0.943","0.894","36.74M","-2.27%"
"10/03/2015","0.925","0.959","0.962","0.925","19.53M","-3.14%"
"09/03/2015","0.955","0.959","0.966","0.950","24.55M","1.70%"
"06/03/2015","0.939","0.945","0.971","0.936","34.51M","-0.63%"
"05/03/2015","0.945","0.941","0.966","0.941","27.40M","-1.05%"
"04/03/2015","0.955","0.987","0.987","0.950","22.40M","-2.85%"
"03/03/2015","0.983","0.983","0.990","0.969","21.79M","0.00%"
"02/03/2015","0.983","0.983","0.992","0.973","22.35M","0.00%"
"27/02/2015","0.983","1.015","1.020","0.976","32.68M","-3.15%"
"26/02/2015","1.015","1.027","1.046","1.013","28.23M","-1.65%"
"25/02/2015","1.032","1.022","1.036","1.018","26.01M","2.08%"
"24/02/2015","1.011","1.006","1.018","0.994","27.17M","0.50%"
"23/02/2015","1.006","0.987","1.011","0.983","24.43M","1.62%"
"20/02/2015","0.990","0.994","0.999","0.980","12.63M","-0.70%"
"19/02/2015","0.997","0.994","0.999","0.983","17.93M","0.71%"
"18/02/2015","0.990","0.999","1.001","0.978","16.74M","-0.40%"
"17/02/2015","0.994","0.992","0.999","0.983","17.52M","0.00%"
"16/02/2015","0.994","1.011","1.011","0.990","12.14M","-0.30%"
"13/02/2015","0.997","1.013","1.013","0.994","24.40M","-1.09%"
"12/02/2015","1.008","1.022","1.025","0.992","37.19M","0.20%"
"11/02/2015","1.006","1.013","1.020","0.987","34.31M","0.20%"
"10/02/2015","1.004","1.006","1.025","1.004","37.71M","0.30%"
"09/02/2015","1.001","0.983","1.011","0.952","39.34M","2.14%"
"06/02/2015","0.980","0.999","1.006","0.980","34.56M","-1.71%"
"05/02/2015","0.997","1.018","1.027","0.990","52.10M","-2.73%"
"04/02/2015","1.025","1.025","1.027","1.001","32.33M","0.49%"
"03/02/2015","1.020","1.043","1.046","1.006","32.44M","-2.21%"
"02/02/2015","1.043","1.029","1.046","1.025","32.09M","1.76%"
"30/01/2015","1.025","1.039","1.041","0.999","71.33M","-0.39%"
"29/01/2015","1.029","1.085","1.092","1.029","71.17M","-5.42%"
"28/01/2015","1.088","1.127","1.129","1.088","27.23M","-2.86%"
"27/01/2015","1.120","1.129","1.129","1.111","17.39M","-0.44%"
"26/01/2015","1.125","1.125","1.129","1.111","21.41M","-0.62%"
"23/01/2015","1.132","1.113","1.139","1.106","63.88M","1.89%"
"22/01/2015","1.111","1.106","1.115","1.099","25.99M","1.09%"
"21/01/2015","1.099","1.090","1.106","1.088","29.94M","1.48%"
"20/01/2015","1.083","1.085","1.106","1.076","19.30M","0.46%"
"19/01/2015","1.078","1.074","1.085","1.067","16.58M","1.32%"
"16/01/2015","1.064","1.109","1.109","1.062","42.09M","-4.06%"
"15/01/2015","1.109","1.109","1.120","1.097","36.93M","0.91%"
"14/01/2015","1.099","1.095","1.111","1.081","31.62M","0.18%"
"13/01/2015","1.097","1.088","1.111","1.081","25.75M","1.48%"
"12/01/2015","1.081","1.104","1.115","1.081","23.08M","-1.64%"
"09/01/2015","1.099","1.095","1.122","1.071","47.95M","0.37%"
"08/01/2015","1.095","1.039","1.097","1.039","54.52M","6.10%"
"07/01/2015","1.032","1.025","1.043","1.018","27.73M","1.18%"
"06/01/2015","1.020","1.022","1.032","1.011","22.77M","-0.20%"
"05/01/2015","1.022","1.029","1.036","1.022","11.29M","-0.49%"
"02/01/2015","1.027","1.048","1.048","1.025","7.53M","-1.15%"
"31/12/2014","1.039","1.029","1.039","1.025","5.34M","1.37%"
"30/12/2014","1.025","1.020","1.032","1.011","10.37M","0.49%"
"29/12/2014","1.020","1.034","1.034","1.018","10.49M","-1.35%"
"26/12/2014","1.034","1.032","1.053","1.032","12.14M","0.19%"
"25/12/2014","1.032","1.039","1.043","1.027","4.21M","-0.86%"
"24/12/2014","1.041","1.018","1.041","1.018","12.90M","2.26%"
"23/12/2014","1.018","1.013","1.025","1.006","21.31M","0.49%"
"22/12/2014","1.013","1.027","1.027","1.004","24.98M","-1.17%"
"19/12/2014","1.025","1.006","1.050","1.006","65.25M","3.12%"
"18/12/2014","0.994","0.980","0.999","0.980","19.24M","2.16%"
"17/12/2014","0.973","0.971","0.983","0.969","28.28M","0.21%"
"16/12/2014","0.971","0.992","0.997","0.969","35.53M","-1.62%"
"15/12/2014","0.987","0.999","1.013","0.983","27.81M","-1.40%"
"12/12/2014","1.001","1.015","1.015","0.997","34.14M","-1.38%"
"11/12/2014","1.015","1.057","1.064","1.011","44.89M","-3.97%"
"10/12/2014","1.057","1.046","1.057","1.034","22.37M","1.54%"
"09/12/2014","1.041","1.064","1.064","1.041","17.52M","-2.44%"
"08/12/2014","1.067","1.067","1.071","1.057","10.71M","-0.19%"
"05/12/2014","1.069","1.076","1.081","1.064","13.56M","-0.65%"
"04/12/2014","1.076","1.050","1.078","1.048","27.03M","2.67%"
"03/12/2014","1.048","1.048","1.050","1.041","17.24M","0.67%"
"02/12/2014","1.041","1.036","1.053","1.034","22.07M","0.48%"
"01/12/2014","1.036","1.041","1.057","1.034","17.02M","-1.33%"
"28/11/2014","1.050","1.057","1.067","1.048","13.85M","-0.94%"
"27/11/2014","1.060","1.048","1.060","1.046","17.60M","1.34%"
"26/11/2014","1.046","1.034","1.053","1.032","30.13M","1.36%"
"25/11/2014","1.032","1.013","1.039","1.008","23.85M","1.67%"
"24/11/2014","1.015","1.022","1.027","1.008","15.24M","-0.68%"
"21/11/2014","1.022","1.029","1.034","1.020","23.87M","-0.29%"
"20/11/2014","1.025","1.015","1.032","1.015","25.66M","1.18%"
"19/11/2014","1.013","1.008","1.032","1.006","31.10M","0.90%"
"18/11/2014","1.004","1.008","1.020","0.999","23.22M","0.00%"
"17/11/2014","1.004","1.034","1.039","1.004","13.57M","-2.71%"
"14/11/2014","1.032","1.048","1.057","1.025","22.63M","-1.34%"
"13/11/2014","1.046","1.053","1.069","1.039","20.08M","-0.38%"
"12/11/2014","1.050","1.048","1.053","1.036","29.63M","0.67%"
"11/11/2014","1.043","1.029","1.043","1.025","22.08M","1.76%"
"10/11/2014","1.025","1.011","1.034","1.006","32.44M","1.89%"
"07/11/2014","1.006","1.001","1.006","0.985","28.48M","1.21%"
"06/11/2014","0.994","1.046","1.050","0.990","32.77M","-4.51%"
"05/11/2014","1.041","1.092","1.092","1.041","32.94M","-4.50%"
"04/11/2014","1.090","1.081","1.097","1.076","25.28M","1.11%"
"03/11/2014","1.078","1.081","1.081","1.069","20.69M","0.00%"
"31/10/2014","1.078","1.092","1.095","1.071","29.02M","-0.28%"
"30/10/2014","1.081","1.069","1.090","1.060","41.66M","1.60%"
"28/10/2014","1.064","1.069","1.074","1.062","15.16M","-0.47%"
"27/10/2014","1.069","1.069","1.076","1.057","19.95M","0.66%"
"24/10/2014","1.062","1.067","1.085","1.055","40.76M","-0.65%"
"23/10/2014","1.069","1.041","1.074","1.034","40.97M","2.69%"
"22/10/2014","1.041","1.050","1.057","1.034","36.11M","-0.19%"
"21/10/2014","1.043","1.041","1.053","1.032","32.82M","0.19%"
"20/10/2014","1.041","1.057","1.064","1.039","39.07M","-0.67%"
"17/10/2014","1.048","1.039","1.071","1.036","53.95M","1.55%"
"16/10/2014","1.032","1.036","1.050","1.006","57.92M","0.00%"
"15/10/2014","1.032","1.013","1.043","1.013","38.11M","2.08%"
"14/10/2014","1.011","0.985","1.015","0.985","34.67M","2.64%"
"13/10/2014","0.985","0.957","0.992","0.957","20.07M","3.68%"
"10/10/2014","0.950","0.966","0.971","0.950","19.96M","-2.16%"
"09/10/2014","0.971","0.955","0.980","0.955","18.04M","2.97%"
"08/10/2014","0.943","0.955","0.955","0.932","24.38M","-2.38%"
"03/10/2014","0.966","0.973","0.973","0.955","5.96M","0.21%"
"02/10/2014","0.964","0.987","0.990","0.957","20.36M","-2.13%"
"01/10/2014","0.985","0.985","0.999","0.983","17.44M","0.00%"
"30/09/2014","0.985","0.992","0.999","0.978","21.69M","0.00%"
"29/09/2014","0.985","1.001","1.008","0.978","17.45M","-1.40%"
"26/09/2014","0.999","1.008","1.018","0.999","13.95M","-0.70%"
"25/09/2014","1.006","0.987","1.011","0.976","20.76M","1.93%"
"24/09/2014","0.987","1.022","1.034","0.987","33.16M","-3.24%"
"23/09/2014","1.020","1.013","1.027","1.011","22.27M","1.19%"
"22/09/2014","1.008","1.006","1.020","0.992","12.38M","0.70%"
"19/09/2014","1.001","1.015","1.025","1.001","16.21M","-0.99%"
"18/09/2014","1.011","1.008","1.013","1.001","16.87M","-0.20%"
"17/09/2014","1.013","1.025","1.032","1.011","15.29M","-0.49%"
"16/09/2014","1.018","1.027","1.032","1.015","16.64M","-0.68%"
"15/09/2014","1.025","1.046","1.048","1.006","25.64M","-1.06%"
"12/09/2014","1.036","1.006","1.043","1.004","47.35M","2.98%"
"11/09/2014","1.006","1.004","1.011","0.992","20.63M","0.50%"
"10/09/2014","1.001","0.992","1.006","0.987","26.51M","0.91%"
"09/09/2014","0.992","1.004","1.008","0.990","20.92M","-1.39%"
"08/09/2014","1.006","1.015","1.015","0.994","19.45M","-0.69%"
"05/09/2014","1.013","1.013","1.020","1.011","13.77M","-0.20%"
"04/09/2014","1.015","1.004","1.020","1.001","27.53M","0.69%"
"03/09/2014","1.008","1.004","1.015","1.001","22.55M","0.90%"
"02/09/2014","0.999","0.990","1.004","0.990","25.60M","1.22%"
"01/09/2014","0.987","0.978","0.990","0.976","12.01M","0.92%"
"29/08/2014","0.978","0.997","0.997","0.978","24.93M","-1.91%"
"28/08/2014","0.997","0.997","1.004","0.987","12.85M","0.00%"
"27/08/2014","0.997","1.013","1.022","0.994","23.42M","-1.09%"
"26/08/2014","1.008","1.001","1.013","0.999","23.11M","0.70%"
"25/08/2014","1.001","0.990","1.004","0.987","19.78M","1.62%"
"22/08/2014","0.985","0.992","0.992","0.980","25.66M","-0.51%"
"21/08/2014","0.990","0.987","1.001","0.978","39.55M","0.30%"
"20/08/2014","0.987","0.983","1.008","0.976","46.04M","0.41%"
"19/08/2014","0.983","0.955","0.987","0.955","42.75M","3.69%"
"18/08/2014","0.948","0.939","0.957","0.925","38.78M","1.72%"
"15/08/2014","0.932","0.950","0.957","0.925","43.66M","-1.38%"
"14/08/2014","0.945","0.948","0.971","0.943","52.99M","0.00%"
"13/08/2014","0.945","1.001","1.001","0.939","91.54M","-6.71%"
"12/08/2014","1.013","0.990","1.013","0.987","23.91M","2.12%"
"11/08/2014","0.992","1.034","1.036","0.985","35.94M","-1.59%"
"08/08/2014","1.008","0.976","1.015","0.976","27.20M","1.41%"
"07/08/2014","0.994","1.013","1.015","0.987","26.22M","-1.39%"
"06/08/2014","1.008","0.992","1.034","0.983","33.65M","0.70%"
"05/08/2014","1.001","1.050","1.050","0.997","44.70M","-4.03%"
"04/08/2014","1.043","1.071","1.081","1.043","37.08M","-1.14%"
"01/08/2014","1.055","1.055","1.064","1.025","31.42M","0.00%"
"31/07/2014","1.055","1.081","1.090","1.048","43.48M","-2.76%"
"25/07/2014","1.085","1.106","1.109","1.083","28.20M","-1.27%"
"24/07/2014","1.099","1.076","1.113","1.076","41.92M","2.61%"
"23/07/2014","1.071","1.041","1.076","1.041","23.32M","3.08%"
"22/07/2014","1.039","1.062","1.071","1.027","38.20M","-1.70%"
"21/07/2014","1.057","1.032","1.060","1.029","38.40M","2.92%"
"18/07/2014","1.027","0.997","1.036","0.990","50.68M","2.29%"
"17/07/2014","1.004","1.001","1.022","0.999","44.10M","0.70%"
"16/07/2014","0.997","0.976","0.999","0.962","49.63M","2.47%"
"15/07/2014","0.973","0.992","0.994","0.964","56.30M","-1.72%"
"14/07/2014","0.990","1.006","1.006","0.987","22.10M","-0.90%"
"11/07/2014","0.999","0.997","1.006","0.992","20.39M","0.91%"
"10/07/2014","0.990","0.992","1.011","0.983","61.07M","0.00%"
"09/07/2014","0.990","0.957","0.992","0.955","60.56M","3.99%"
"08/07/2014","0.952","0.955","0.962","0.948","28.20M","0.21%"
"07/07/2014","0.950","0.952","0.973","0.927","54.14M","0.00%"
"04/07/2014","0.950","0.929","0.957","0.925","58.79M","2.48%"
"03/07/2014","0.927","0.880","0.934","0.880","79.99M","5.82%"
"02/07/2014","0.876","0.866","0.878","0.855","54.22M","1.15%"
"01/07/2014","0.866","0.883","0.885","0.862","32.38M","-1.93%"
"30/06/2014","0.883","0.859","0.894","0.857","54.75M","3.27%"
"27/06/2014","0.855","0.857","0.859","0.845","20.15M","0.35%"
"26/06/2014","0.852","0.838","0.862","0.836","41.04M","1.91%"
"25/06/2014","0.836","0.845","0.845","0.829","36.59M","-1.65%"
"24/06/2014","0.850","0.845","0.859","0.841","32.86M","1.43%"
"23/06/2014","0.838","0.869","0.869","0.836","53.57M","-2.44%"
"20/06/2014","0.859","0.871","0.880","0.852","46.90M","-1.60%"
"19/06/2014","0.873","0.918","0.920","0.866","83.20M","-3.11%"
"18/06/2014","0.901","0.878","0.906","0.878","48.71M","3.44%"
"17/06/2014","0.871","0.827","0.883","0.827","60.15M","5.70%"
"16/06/2014","0.824","0.824","0.829","0.820","15.45M","-0.60%"
"13/06/2014","0.829","0.824","0.834","0.820","23.12M","0.00%"
"12/06/2014","0.829","0.813","0.838","0.796","32.30M","1.10%"
"11/06/2014","0.820","0.838","0.845","0.820","69.66M","-1.91%"
"10/06/2014","0.836","0.841","0.850","0.817","57.85M","0.00%"
"09/06/2014","0.836","0.815","0.855","0.815","65.22M","3.72%"
"06/06/2014","0.806","0.787","0.813","0.782","47.28M","3.07%"
"05/06/2014","0.782","0.780","0.794","0.771","31.97M","0.90%"
"04/06/2014","0.775","0.768","0.789","0.766","50.81M","0.52%"
"03/06/2014","0.771","0.752","0.773","0.745","59.03M","3.07%"
"02/06/2014","0.748","0.729","0.748","0.729","43.00M","2.89%"
"30/05/2014","0.727","0.722","0.734","0.720","31.49M","1.39%"
"29/05/2014","0.717","0.717","0.731","0.717","37.41M","0.28%"
"28/05/2014","0.715","0.701","0.727","0.696","70.24M","2.29%"
"27/05/2014","0.699","0.699","0.706","0.692","34.23M","0.43%"
"26/05/2014","0.696","0.696","0.706","0.692","31.80M","1.75%"
"23/05/2014","0.684","0.677","0.692","0.673","51.15M","1.33%"
"22/05/2014","0.675","0.675","0.682","0.673","28.48M","0.60%"
"21/05/2014","0.671","0.686","0.688","0.662","64.83M","-1.90%"
"20/05/2014","0.684","0.679","0.690","0.675","24.42M","1.33%"
"16/05/2014","0.675","0.669","0.677","0.664","18.01M","0.30%"
"15/05/2014","0.673","0.679","0.682","0.671","22.06M","-1.32%"
"14/05/2014","0.682","0.669","0.686","0.669","55.90M","1.94%"
"13/05/2014","0.669","0.658","0.669","0.658","25.01M","1.98%"
"12/05/2014","0.656","0.671","0.671","0.656","12.72M","-1.20%"
"09/05/2014","0.664","0.671","0.673","0.662","14.26M","-0.30%"
"08/05/2014","0.666","0.658","0.675","0.658","45.16M","1.52%"
"07/05/2014","0.656","0.643","0.656","0.643","52.43M","2.02%"
"06/05/2014","0.643","0.636","0.649","0.634","43.38M","1.10%"
"05/05/2014","0.636","0.636","0.638","0.632","11.95M","0.00%"
"02/05/2014","0.636","0.634","0.636","0.630","28.01M","0.63%"
"30/04/2014","0.632","0.634","0.638","0.632","44.78M","-0.32%"
"29/04/2014","0.634","0.634","0.638","0.630","28.46M","0.32%"
"28/04/2014","0.632","0.634","0.636","0.623","27.03M","0.00%"
"25/04/2014","0.632","0.647","0.651","0.632","69.77M","-0.63%"
"24/04/2014","0.636","0.634","0.647","0.632","27.16M","0.63%"
"22/04/2014","0.632","0.632","0.638","0.630","20.41M","0.00%"
"21/04/2014","0.632","0.641","0.641","0.632","8.21M","-0.94%"
"18/04/2014","0.638","0.636","0.638","0.630","17.94M","0.63%"
"17/04/2014","0.634","0.625","0.634","0.623","23.13M","1.77%"
"16/04/2014","0.623","0.630","0.632","0.617","37.04M","-0.32%"
"15/04/2014","0.625","0.619","0.638","0.615","68.75M","1.63%"
"14/04/2014","0.615","0.606","0.619","0.602","49.55M","1.15%"
"11/04/2014","0.608","0.595","0.610","0.591","40.35M","1.33%"
"10/04/2014","0.600","0.587","0.602","0.587","41.36M","2.21%"
"09/04/2014","0.587","0.587","0.587","0.578","40.03M","0.00%"
"08/04/2014","0.587","0.582","0.589","0.580","34.21M","0.86%"
"07/04/2014","0.582","0.578","0.587","0.576","19.48M","0.34%"
"04/04/2014","0.580","0.584","0.587","0.576","38.97M","-0.34%"
"03/04/2014","0.582","0.582","0.589","0.580","45.00M","0.00%"
"02/04/2014","0.582","0.591","0.593","0.578","33.95M","-1.19%"
"01/04/2014","0.589","0.595","0.600","0.589","24.87M","-1.01%"
"31/03/2014","0.595","0.593","0.595","0.584","21.73M","1.36%"
"28/03/2014","0.587","0.582","0.587","0.578","14.77M","0.86%"
"27/03/2014","0.582","0.576","0.584","0.574","34.29M","1.04%"
"26/03/2014","0.576","0.563","0.576","0.563","23.19M","2.67%"
"25/03/2014","0.561","0.554","0.561","0.550","11.19M","2.00%"
"24/03/2014","0.550","0.556","0.561","0.548","15.62M","-1.08%"
"21/03/2014","0.556","0.554","0.559","0.552","11.01M","-0.54%"
"20/03/2014","0.559","0.559","0.563","0.550","21.58M","0.90%"
"19/03/2014","0.554","0.559","0.565","0.552","24.17M","-0.89%"
"18/03/2014","0.559","0.567","0.572","0.554","31.21M","-1.41%"
"17/03/2014","0.567","0.565","0.572","0.563","13.23M","1.07%"
"14/03/2014","0.561","0.552","0.563","0.548","27.17M","1.26%"
"13/03/2014","0.554","0.569","0.572","0.554","15.94M","-1.95%"
"12/03/2014","0.565","0.559","0.567","0.556","30.14M","0.71%"
"11/03/2014","0.561","0.543","0.561","0.543","35.79M","3.70%"
"10/03/2014","0.541","0.546","0.548","0.539","25.70M","-1.28%"
"07/03/2014","0.548","0.546","0.552","0.541","23.67M","0.37%"
"06/03/2014","0.546","0.539","0.554","0.537","80.02M","5.00%"
"05/03/2014","0.520","0.526","0.533","0.515","36.04M","-1.14%"
"04/03/2014","0.526","0.515","0.528","0.513","19.24M","3.34%"
"03/03/2014","0.509","0.511","0.515","0.505","17.48M","-2.49%"
"28/02/2014","0.522","0.531","0.533","0.515","48.05M","-1.69%"
"27/02/2014","0.531","0.531","0.533","0.526","12.44M","0.00%"
"26/02/2014","0.531","0.539","0.543","0.528","23.85M","-0.75%"
"25/02/2014","0.535","0.539","0.543","0.535","19.03M","-2.37%"
"24/02/2014","0.548","0.554","0.554","0.546","18.52M","-0.72%"
"21/02/2014","0.552","0.556","0.559","0.548","17.38M","-0.72%"
"20/02/2014","0.556","0.552","0.559","0.546","20.64M","0.00%"
"19/02/2014","0.556","0.561","0.565","0.552","25.32M","-0.89%"
"18/02/2014","0.561","0.574","0.574","0.561","16.56M","-1.92%"
"17/02/2014","0.572","0.574","0.576","0.567","26.24M","0.00%"
"14/02/2014","0.572","0.578","0.580","0.572","38.66M","-1.04%"
"13/02/2014","0.578","0.580","0.582","0.576","12.12M","-0.69%"
"12/02/2014","0.582","0.578","0.582","0.578","15.55M","1.39%"
"11/02/2014","0.574","0.572","0.580","0.569","23.78M","0.88%"
"10/02/2014","0.569","0.574","0.574","0.567","7.19M","-0.87%"
"07/02/2014","0.574","0.587","0.587","0.572","25.03M","-1.71%"
"06/02/2014","0.584","0.582","0.589","0.580","25.23M","1.04%"
"05/02/2014","0.578","0.576","0.584","0.576","22.22M","0.70%"
"04/02/2014","0.574","0.580","0.580","0.569","17.19M","-1.03%"
"03/02/2014","0.580","0.582","0.587","0.574","15.32M","-0.68%"
"31/01/2014","0.584","0.604","0.608","0.582","27.85M","-1.18%"
"30/01/2014","0.591","0.593","0.600","0.589","40.07M","-0.67%"
"29/01/2014","0.595","0.604","0.615","0.578","45.80M","-0.83%"
"28/01/2014","0.600","0.602","0.606","0.595","20.80M","0.50%"
"27/01/2014","0.597","0.600","0.608","0.595","34.78M","-1.16%"
"24/01/2014","0.604","0.602","0.604","0.584","39.42M","1.17%"
"23/01/2014","0.597","0.587","0.604","0.587","48.45M","1.02%"
"22/01/2014","0.591","0.593","0.595","0.587","22.09M","0.34%"
"21/01/2014","0.589","0.591","0.595","0.584","19.32M","0.00%"
"20/01/2014","0.589","0.580","0.593","0.572","28.52M","0.86%"
"17/01/2014","0.584","0.591","0.593","0.582","12.74M","-1.18%"
"16/01/2014","0.591","0.582","0.593","0.580","29.06M","-0.34%"
"15/01/2014","0.593","0.604","0.615","0.591","39.30M","-1.82%"
"14/01/2014","0.604","0.589","0.604","0.584","43.57M","1.17%"
"13/01/2014","0.597","0.580","0.600","0.574","36.07M","3.65%"
"10/01/2014","0.576","0.565","0.580","0.561","25.04M","2.31%"
"09/01/2014","0.563","0.554","0.572","0.552","20.79M","0.72%"
"08/01/2014","0.559","0.556","0.563","0.552","27.64M","0.54%"
"07/01/2014","0.556","0.543","0.563","0.541","31.54M","1.83%"
"06/01/2014","0.546","0.543","0.550","0.533","29.20M","1.30%"
"03/01/2014","0.539","0.554","0.556","0.524","18.36M","-2.00%"
"02/01/2014","0.550","0.550","0.556","0.537","14.86M","-1.08%"
"31/12/2013","0.556","0.546","0.556","0.533","16.47M","1.83%"
"30/12/2013","0.546","0.518","0.546","0.515","20.95M","8.12%"
"27/12/2013","0.505","0.492","0.513","0.466","23.96M","2.23%"
"26/12/2013","0.494","0.496","0.505","0.474","14.99M","-0.40%"
"25/12/2013","0.496","0.531","0.537","0.487","13.40M","-6.06%"
"24/12/2013","0.528","0.518","0.531","0.513","10.30M","2.52%"
"23/12/2013","0.515","0.539","0.543","0.511","21.01M","-3.74%"
"20/12/2013","0.535","0.548","0.554","0.533","37.18M","-2.73%"
"19/12/2013","0.550","0.554","0.567","0.543","17.11M","-2.31%"
"18/12/2013","0.563","0.535","0.563","0.533","23.23M","3.11%"
"17/12/2013","0.546","0.567","0.572","0.533","25.86M","-4.88%"
"16/12/2013","0.574","0.574","0.576","0.569","12.58M","0.35%"
"13/12/2013","0.572","0.572","0.576","0.567","19.79M","1.24%"
"12/12/2013","0.565","0.572","0.574","0.563","14.64M","-1.57%"
"11/12/2013","0.574","0.574","0.580","0.572","9.71M","-0.35%"
"10/12/2013","0.576","0.572","0.580","0.572","15.84M","0.70%"
"09/12/2013","0.572","0.567","0.576","0.565","23.72M","1.96%"
"06/12/2013","0.561","0.565","0.569","0.552","23.46M","-0.36%"
"05/12/2013","0.563","0.572","0.576","0.561","19.69M","-1.57%"
"04/12/2013","0.572","0.554","0.574","0.550","23.08M","2.88%"
"03/12/2013","0.556","0.567","0.569","0.554","22.81M","-1.94%"
"02/12/2013","0.567","0.578","0.578","0.567","12.52M","-1.90%"
"29/11/2013","0.578","0.576","0.578","0.565","20.89M","0.35%"
"28/11/2013","0.576","0.582","0.584","0.576","19.15M","-0.69%"
"27/11/2013","0.580","0.574","0.584","0.574","36.01M","1.05%"
"26/11/2013","0.574","0.578","0.578","0.574","25.03M","-0.69%"
"25/11/2013","0.578","0.582","0.584","0.574","32.83M","0.00%"
"22/11/2013","0.578","0.580","0.582","0.574","23.07M","0.00%"
"21/11/2013","0.578","0.569","0.578","0.567","45.90M","0.70%"
"20/11/2013","0.574","0.572","0.574","0.552","67.98M","1.06%"
"19/11/2013","0.568","0.566","0.572","0.558","49.07M","0.71%"
"18/11/2013","0.564","0.564","0.570","0.558","27.47M","0.36%"
"15/11/2013","0.562","0.558","0.568","0.554","32.65M","1.44%"
"14/11/2013","0.554","0.552","0.558","0.547","23.85M","2.03%"
"13/11/2013","0.543","0.558","0.560","0.535","36.66M","-2.69%"
"12/11/2013","0.558","0.547","0.560","0.527","61.51M","2.76%"
"11/11/2013","0.543","0.570","0.574","0.543","47.69M","-4.74%"
"08/11/2013","0.570","0.556","0.572","0.550","69.51M","1.79%"
"07/11/2013","0.560","0.554","0.570","0.552","37.48M","1.08%"
"06/11/2013","0.554","0.545","0.556","0.537","37.64M","2.40%"
"05/11/2013","0.541","0.552","0.558","0.539","38.73M","-1.99%"
"04/11/2013","0.552","0.570","0.570","0.552","58.30M","-2.82%"
"01/11/2013","0.568","0.574","0.574","0.564","52.36M","-0.70%"
"31/10/2013","0.572","0.558","0.572","0.554","81.20M","1.42%"
"30/10/2013","0.564","0.562","0.574","0.554","105.91M","0.71%"
"28/10/2013","0.560","0.547","0.560","0.547","40.48M","2.38%"
"25/10/2013","0.547","0.545","0.550","0.541","48.09M","0.37%"
"24/10/2013","0.545","0.545","0.558","0.545","61.32M","0.37%"
"23/10/2013","0.543","0.552","0.562","0.543","107.19M","-2.34%"
"22/10/2013","0.556","0.535","0.558","0.531","156.09M","3.93%"
"21/10/2013","0.535","0.516","0.535","0.514","135.62M","5.31%"
"14/10/2013","0.508","0.512","0.512","0.508","13.56M","-0.39%"
"11/10/2013","0.510","0.512","0.514","0.508","78.48M","0.39%"
"10/10/2013","0.508","0.490","0.510","0.485","135.65M","4.74%"
"09/10/2013","0.485","0.488","0.492","0.479","69.27M","-1.02%"
"08/10/2013","0.490","0.498","0.500","0.479","210.84M","-2.78%"
"07/10/2013","0.504","0.504","0.510","0.500","36.98M","-0.79%"
"04/10/2013","0.508","0.504","0.510","0.500","46.92M","1.20%"
"03/10/2013","0.502","0.506","0.512","0.500","55.59M","0.40%"
"02/10/2013","0.500","0.525","0.529","0.500","118.05M","-4.76%"
"01/10/2013","0.525","0.531","0.539","0.525","82.41M","-0.76%"
"30/09/2013","0.529","0.514","0.531","0.514","47.84M","3.32%"